,orig.ident,nCount_RNA,nFeature_RNA,Con.seq,Myeloid,Myeloid_cellnorm,Erythroid,Erythroid_cellnorm,Con.seq_perexpt,pgen,percent.mt,barcoded,phases,G1_score,S_score,G2M_score,bias.score
AAACGCTGTACCATAC-1_1,m1,16825,4813,TCCAGACTATCGTTACGCTACTACCG,0.106889906,6156.431054,0.045550183,2063.787693,TCCAGACTATCGTTACGCTACTACCG_ET27a_M1,0.000364859,2.188076214,TRUE,G1,0.705716302,0.294283698,0,0.701192886
AAAGGATAGAGGTATT-1_1,m1,5808,2835,nb,0,0,0,0,0,0,8.498942918,FALSE,G1,0.902752294,0.05412844,0.043119266,0
AAAGGATCACTTGTCC-1_1,m1,4843,2390,TCCTCTACTATCGTTACGACTACCG,0,0,0,0,TCCTCTACTATCGTTACGACTACCG_ET27a_M1,7.74E-05,4.060773481,TRUE,G1,0.936210131,0.055347092,0.008442777,0
AAAGGATCATGGGTCC-1_1,m1,7129,3108,TCCACCATCTACTATCGTTACGAGCTACTACCG,0,0,0,0,TCCACCATCTACTATCGTTACGAGCTACTACCG_ET27a_M1,0,3.477667917,TRUE,G1,0.877192982,0.122807018,0,0
AAAGGGCAGAAACCAT-1_1,m1,3804,2144,nb,0,0,0,0,0,0,7.978347847,FALSE,G1,0.84006734,0.15993266,0,0
AAAGGGCGTCAAGCGA-1_1,m1,31969,5996,nb,0,0,0,0,0,0,1.08604319,FALSE,G1,0.736375158,0.063371356,0.200253485,0
AAAGGTACAAGACGAC-1_1,m1,7863,3355,TCCTATCGTTACGCTACTACCG,0.00077455,44.61097246,0.029400266,1332.067243,TCCTATCGTTACGCTACTACCG_ET27a_M1,0.000202963,4.376709652,TRUE,G1,0.548298573,0.451701427,0,0.025668756
AAAGTCCGTGTGTGGA-1_1,m1,7000,3119,nb,0,0,0,0,0,0,6.523076923,FALSE,G1,0.957854406,0.040229885,0.001915709,0
AACAAAGTCGGAATGG-1_1,m1,7562,3251,TCCAGTACTATCGTTACGAGCTACTACCG,0.095137853,5479.559764,0.150158716,6803.391089,TCCAGTACTATCGTTACGAGCTACTACCG_ET27a_M1,0.00156015,3.788594833,TRUE,G1,0.883392226,0.116607774,0,0.387848283
AACAACCAGCTGGCCT-1_1,m1,4222,2328,nb,0,0,0,0,0,0,4.51577802,FALSE,G1,0.574086837,0.420399724,0.005513439,0
AACAACCGTCACTAGT-1_1,m1,7012,3197,TCCATACTATCGGTAGCTACTACCG,0,0,0,0,TCCATACTATCGGTAGCTACTACCG_ET27a_M1,0.000371878,2.995391705,TRUE,G1,0.929236499,0.070763501,0,0
AACACACAGGTCGAGT-1_1,m1,5456,2657,nb,0,0,0,0,0,0,5.083200365,FALSE,G1,0.781176471,0.218823529,0,0
AACACACCATGGCTAT-1_1,m1,11158,4065,nb,0,0,0,0,0,0,3.232707392,FALSE,G1,0.777000777,0.222999223,0,0
AACCAACAGTTCCATG-1_1,m1,9038,3813,nb,0,0,0,0,0,0,2.959357132,FALSE,G1,0.630517024,0.369482976,0,0
AACCACAGTGATGGCA-1_1,m1,26461,5538,nb,0,0,0,0,0,0,3.5841564,FALSE,G1,0.79266055,0.198165138,0.009174312,0
AACCACATCACATACG-1_1,m1,27512,6170,nb,0,0,0,0,0,0,5.067162848,FALSE,G1,0.699300699,0.300699301,0,0
AACCATGTCAAGAGGC-1_1,m1,30675,5836,TCCACTATCGTTACGACCG,0.213246966,12282.17225,0.163466803,7406.353921,TCCACTATCGTTACGACCG_ET27a_M1,0,1.395504118,TRUE,G1,0.763087844,0.236024845,0.000887311,0.5660716
AACCCAAAGTATGGCG-1_1,m1,30532,5281,TCCACTATCGTTACGACCG,0.213246966,12282.17225,0.163466803,7406.353921,TCCACTATCGTTACGACCG_ET27a_M1,0,2.007352122,TRUE,G1,0.732830189,0.267169811,0,0.5660716
AACCCAACAAAGTATG-1_1,m1,7008,3241,TCCATCGTTACGCTACTACCG,0,0,0.005103977,231.2509866,TCCATCGTTACGCTACTACCG_ET27a_M1,0.000207146,3.433020704,TRUE,G1,0.7968,0.2032,0,0
AACCCAAGTGTGCTTA-1_1,m1,7960,3423,nb,0,0,0,0,0,0,3.19348779,FALSE,G1,0.961538462,0.038461538,0,0
AACGGGACAGGTCCGT-1_1,m1,22792,5491,nb,0,0,0,0,0,0,3.973057702,FALSE,G2M,0.002002002,0.003003003,0.994994995,0
AACGGGAGTAACCAGG-1_1,m1,4129,1851,nb,0,0,0,0,0,0,3.120984028,FALSE,G1,0.64868603,0.333333333,0.017980636,0
AACGTCACACAAGGTG-1_1,m1,18403,5033,TCCAGTCGTTACGACTACCG,0,0,0,0,TCCAGTCGTTACGACTACCG_ET27a_M1,0.000268612,5.092293054,TRUE,S,0.580025608,0.390524968,0.029449424,0
AACGTCATCAAGATAG-1_1,m1,6010,2725,nb,0,0,0,0,0,0,2.777195556,FALSE,G1,0.983251232,0.016748768,0,0
AACGTCATCGAGTGGA-1_1,m1,7077,3074,nb,0,0,0,0,0,0,3.087770484,FALSE,G1,0.800963082,0.199036918,0,0
AACGTCATCTGGTGGC-1_1,m1,4299,1986,nb,0,0,0,0,0,0,1.357549074,FALSE,G1,0.438616715,0.467435159,0.093948127,0
AAGAACAGTAATGCTC-1_1,m1,28474,5214,nb,0,0,0,0,0,0,4.068138518,FALSE,G2M,0.010901883,0.00099108,0.988107037,0
AAGACAACAACCAATC-1_1,m1,12934,4399,TCCAGTCTACTATCGTTACGACTACTACCG,0,0,0.033934706,1537.513668,TCCAGTCTACTATCGTTACGACTACTACCG_ET27a_M1,0.000982032,3.410973589,TRUE,G1,0.928505107,0.071494893,0,0
AAGACAAGTAAGTCAA-1_1,m1,10484,3936,TCCACTATCGTTACGACCG,0.213246966,12282.17225,0.163466803,7406.353921,TCCACTATCGTTACGACCG_ET27a_M1,0,6.198646689,TRUE,G1,0.939849624,0.060150376,0,0.5660716
AAGCATCAGTTGGACG-1_1,m1,9451,3700,TCCAGTACTATCGTTACGAGCTACTACCG,0.095137853,5479.559764,0.150158716,6803.391089,TCCAGTACTATCGTTACGAGCTACTACCG_ET27a_M1,0.00156015,5.207321024,TRUE,G2M,0.043021033,0.004780115,0.952198853,0.387848283
AAGGAATAGCAGTCTT-1_1,m1,19778,4507,nb,0,0,0,0,0,0,3.710355369,FALSE,G1,0.873636364,0.124545455,0.001818182,0
AATCACGAGAGGTGCT-1_1,m1,4296,1963,nb,0,0,0,0,0,0,6.189111748,FALSE,G1,0.871024735,0.114840989,0.014134276,0
AATCGACCAACTTGGT-1_1,m1,8155,3455,nb,0,0,0,0,0,0,2.906612347,FALSE,G1,0.714796283,0.285203717,0,0
AATGAAGGTGACTAAA-1_1,m1,6582,2793,TCCTATCGTTACGAGCTACTACCG,0.031788571,1830.894519,0.065589224,2971.716583,TCCTATCGTTACGAGCTACTACCG_ET27a_M1,0.000222856,2.101558572,TRUE,G1,0.682191781,0.317808219,0,0.326445788
AATGGAAGTCTTTCTA-1_1,m1,3232,1600,nb,0,0,0,0,0,0,2.20661986,FALSE,G1,0.703069236,0.002855103,0.29407566,0
AATTCCTAGAGCACTG-1_1,m1,7101,3072,nb,0,0,0,0,0,0,3.201194228,FALSE,G1,0.82781457,0.17218543,0,0
AATTTCCTCCTCACGT-1_1,m1,10977,4080,nb,0,0,0,0,0,0,3.060969515,FALSE,G1,0.926784059,0.073215941,0,0
ACAAAGACATACCGTA-1_1,m1,12745,4150,nb,0,0,0,0,0,0,3.558359014,FALSE,G1,0.899638336,0.100361664,0,0
ACAACCAAGATCACCT-1_1,m1,21294,5176,TCCACTATCGTTACGACCG,0.213246966,12282.17225,0.163466803,7406.353921,TCCACTATCGTTACGACCG_ET27a_M1,0,2.86034943,TRUE,G2M,0.003009027,0,0.996990973,0.5660716
ACAACCACAATAACCC-1_1,m1,14777,4394,TCCACTATCGTCTACTACCG,0,0,0,0,TCCACTATCGTCTACTACCG_ET27a_M1,3.43E-05,2.202849245,TRUE,G1,0.979431929,0.020568071,0,0
ACAACCAGTTTATGCG-1_1,m1,14363,4186,nb,0,0,0,0,0,0,4.325897187,FALSE,G1,0.855308219,0.144691781,0,0
ACAAGCTAGTGGTCAG-1_1,m1,6604,2980,nb,0,0,0,0,0,0,3.474474196,FALSE,G1,0.615384615,0.384615385,0,0
ACAAGCTCATGTGACT-1_1,m1,4695,2521,nb,0,0,0,0,0,0,6.102117061,FALSE,G1,0.784714747,0.156081808,0.059203445,0
ACAAGCTTCGGTCTGG-1_1,m1,7522,3311,nb,0,0,0,0,0,0,5.087913021,FALSE,G1,0.933706816,0.066293184,0,0
ACACAGTGTCAGGTGA-1_1,m1,6639,2960,nb,0,0,0,0,0,0,4.255935148,FALSE,G1,0.896057348,0.103942652,0,0
ACACGCGGTCATAAAG-1_1,m1,6750,3085,nb,0,0,0,0,0,0,5.24256651,FALSE,G1,0.547097481,0.452902519,0,0
ACACGCGGTTTGTTCT-1_1,m1,5665,2782,nb,0,0,0,0,0,0,7.242225859,FALSE,G1,0.713028169,0.240316901,0.04665493,0
ACACGCGTCGCTACGG-1_1,m1,8033,3552,nb,0,0,0,0,0,0,4.839968774,FALSE,G1,0.876760563,0.123239437,0,0
ACAGAAATCTAATTCC-1_1,m1,8654,3633,nb,0,0,0,0,0,0,3.346780218,FALSE,G1,0.53390283,0.46609717,0,0
ACAGGGAAGTCGCCAC-1_1,m1,7603,2435,nb,0,0,0,0,0,0,1.802943183,FALSE,G1,0.896860987,0.095964126,0.007174888,0
ACAGGGACATGTGGTT-1_1,m1,6697,3258,TCCACTATCGTTACGACCG,0.213246966,12282.17225,0.163466803,7406.353921,TCCACTATCGTTACGACCG_ET27a_M1,0,2.953671859,TRUE,G1,0.581032413,0.418967587,0,0.5660716
ACATCGAAGCTCTATG-1_1,m1,8862,3757,TCCAGTACTATCGTTACGAGCTACTACCG,0.095137853,5479.559764,0.150158716,6803.391089,TCCAGTACTATCGTTACGAGCTACTACCG_ET27a_M1,0.00156015,2.568899763,TRUE,G1,0.64928292,0.35071708,0,0.387848283
ACATCGATCATGAGTC-1_1,m1,21577,4484,nb,0,0,0,0,0,0,2.301667962,FALSE,G1,0.683994528,0.316005472,0,0
ACATTTCAGACCATTC-1_1,m1,4673,2398,nb,0,0,0,0,0,0,6.761511397,FALSE,G1,0.664010624,0.335989376,0,0
ACCAAACCAAGAGATT-1_1,m1,7852,3465,nb,0,0,0,0,0,0,5.313227406,FALSE,G1,0.839360807,0.160639193,0,0
ACCATTTCAACACGTT-1_1,m1,15250,4666,TCCACTATCGTTACGACCG,0.213246966,12282.17225,0.163466803,7406.353921,TCCACTATCGTTACGACCG_ET27a_M1,0,2.187202826,TRUE,G1,0.922934076,0.077065924,0,0.5660716
ACCCTTGCAAGCACCC-1_1,m1,5356,2617,TCCAGTACTATCGTTACGACGAGCTACTACCG,0,0,0,0,TCCAGTACTATCGTTACGACGAGCTACTACCG_ET27a_M1,0,4.273801251,TRUE,G1,0.873251748,0.124125874,0.002622378,0
ACCTGAAAGGTCGAGT-1_1,m1,18702,4933,nb,0,0,0,0,0,0,4.513939044,FALSE,G2M,0.003917728,0.027424094,0.968658178,0
ACCTGAAAGTGTACAA-1_1,m1,11141,4067,TCCACTACTATCGTCTACTACCG,0,0,0.009391323,425.5020573,TCCACTACTATCGTCTACTACCG_ET27a_M1,0.000150408,3.665019701,TRUE,G1,0.766104294,0.233895706,0,0
ACCTGTCTCCCAGGAC-1_1,m1,16384,4607,nb,0,0,0,0,0,0,2.273856384,FALSE,G1,0.712535344,0.286522149,0.000942507,0
ACGATCATCGTGGCGT-1_1,m1,21231,5170,TCCAGTACTACTATCGTTACGATAGCTACTACCG,0.047519394,2736.927027,0.101627064,4604.51903,TCCAGTACTACTATCGTTACGATAGCTACTACCG_ET27a_M1,0.000109857,2.547139568,TRUE,G2M,0.004273504,0.011752137,0.983974359,0.318608934
ACGATGTGTGTGGACA-1_1,m1,4619,2374,nb,0,0,0,0,0,0,4.093086927,FALSE,G1,0.743838686,0.251680358,0.004480956,0
ACGCACGCAGTGGTGA-1_1,m1,18212,4811,nb,0,0,0,0,0,0,2.516335326,FALSE,G2M,0.018793274,0.06231454,0.918892186,0
ACGTACAAGATGCCGA-1_1,m1,28858,5525,nb,0,0,0,0,0,0,2.731082318,FALSE,G2M,0.217070601,0.010537408,0.772391992,0
ACGTCCTAGGCAATGC-1_1,m1,19927,5352,TCCACTATCGTTACGACCG,0.213246966,12282.17225,0.163466803,7406.353921,TCCACTATCGTTACGACCG_ET27a_M1,0,4.853635505,TRUE,G1,0.965250965,0.034749035,0,0.5660716
ACGTCCTGTTTGGCTA-1_1,m1,8233,3403,TCCAGTAGCTATCGTTACTACCG,0,0,0.02242188,1015.890544,TCCAGTAGCTATCGTTACTACCG_ET27a_M1,4.62E-05,2.931007386,TRUE,G1,0.618811881,0.381188119,0,0
ACGTCCTTCTCCATAT-1_1,m1,10589,3929,nb,0,0,0,0,0,0,2.853643601,FALSE,G1,0.50942435,0.49057565,0,0
ACTACGACACAACGAG-1_1,m1,29844,5665,nb,0,0,0,0,0,0,3.506605209,FALSE,G1,0.977517107,0.022482893,0,0
ACTATCTGTGACAGCA-1_1,m1,7319,3245,nb,0,0,0,0,0,0,4.073482428,FALSE,G1,0.876098418,0.115114236,0.008787346,0
ACTATGGGTACGGCAA-1_1,m1,22440,5213,TCCAGTACTATCGTTACGACGTAGCTACTACCG,0.093997789,5413.896637,0.079863848,3618.471238,TCCAGTACTATCGTTACGACGTAGCTACTACCG_ET27a_M1,0.00144722,2.489464178,TRUE,S,0.575757576,0.044657097,0.379585327,0.540647095
ACTCCCAAGCGCCCAT-1_1,m1,7482,3320,TCCAGTCTACTATCGTTACGAGCTACTACCG,0.002957377,170.3330843,0.040148574,1819.051613,TCCAGTCTACTATCGTTACGAGCTACTACCG_ET27a_M1,0.00234198,3.747640874,TRUE,G1,0.978473581,0.021526419,0,0.068607163
ACTCTCGGTCAACGCC-1_1,m1,3701,1995,TCCACTACTATCGTCTACTACCG,0,0,0.009391323,425.5020573,TCCACTACTATCGTCTACTACCG_ET27a_M1,0.000150408,3.069908815,TRUE,G1,0.719680465,0.279593319,0.000726216,0
ACTGCAAAGCTTCTAG-1_1,m1,6436,2884,nb,0,0,0,0,0,0,7.91005291,FALSE,G2M,0.092691622,0.029411765,0.877896613,0
ACTGTGACAAACGAGC-1_1,m1,13323,4262,TCCTCTACTATCGTTACGACGCTACTACCG,0.136578591,7866.380534,0.055431611,2511.49544,TCCTCTACTATCGTTACGACGCTACTACCG_ET27a_M1,0.000280136,2.307110439,TRUE,G1,0.954261954,0.03950104,0.006237006,0.711309032
ACTGTGACACAGTGTT-1_1,m1,2334,1245,nb,0,0,0,0,0,0,2.444444444,FALSE,G1,0.679886686,0.3101983,0.009915014,0
ACTGTGATCTGCCTGT-1_1,m1,6652,3295,nb,0,0,0,0,0,0,4.628008753,FALSE,G1,0.736377025,0.263622975,0,0
ACTTCGCAGATCCAAA-1_1,m1,10007,3786,nb,0,0,0,0,0,0,3.095916429,FALSE,G1,0.57980267,0.42019733,0,0
ACTTCGCTCTATACTC-1_1,m1,738,513,nb,0,0,0,0,0,0,1.662707838,FALSE,G2M,0.293838863,0.052132701,0.654028436,0
AGAAATGGTGGCTTAT-1_1,m1,10994,4022,nb,0,0,0,0,0,0,3.736409294,FALSE,G1,0.855431993,0.144568007,0,0
AGAAATGGTTCTCACC-1_1,m1,4487,2373,nb,0,0,0,0,0,0,2.847805789,FALSE,G1,0.909090909,0.090909091,0,0
AGAACAAAGACAAGCC-1_1,m1,8740,3625,nb,0,0,0,0,0,0,4.692931634,FALSE,G1,0.958772771,0.041227229,0,0
AGAACCTCAACATCGT-1_1,m1,14615,4409,TCCTCTACTATCGTTACGACGCTACTACCG,0.136578591,7866.380534,0.055431611,2511.49544,TCCTCTACTATCGTTACGACGCTACTACCG_ET27a_M1,0.000280136,2.573120242,TRUE,G1,0.831946755,0.168053245,0,0.711309032
AGAAGCGCAGTAGATA-1_1,m1,13628,4528,nb,0,0,0,0,0,0,2.324013073,FALSE,G2M,0,0.021526419,0.978473581,0
AGACAAACAAGTGTCT-1_1,m1,17195,4931,TCCAGTCGTTACGCTACTACCG,0.049149101,2830.791649,0.000104356,4.728180024,TCCAGTCGTTACGCTACTACCG_ET27a_M1,0.000819168,2.369258575,TRUE,G2M,0.003308519,0.17866005,0.818031431,0.997881245
AGACACTAGGCCTAGA-1_1,m1,6154,2932,nb,0,0,0,0,0,0,7.896117524,FALSE,G1,0.509944751,0.490055249,0,0
AGACCATCAGAATGTA-1_1,m1,4501,2324,nb,0,0,0,0,0,0,5.617198336,FALSE,G1,0.585227273,0.257102273,0.157670455,0
AGACCCGAGGGCAGAG-1_1,m1,8813,2904,nb,0,0,0,0,0,0,2.291523088,FALSE,G1,0.823773899,0.074812968,0.101413134,0
AGACCCGCACTACAGT-1_1,m1,6175,2981,nb,0,0,0,0,0,0,5.941973901,FALSE,G1,0.79516129,0.180645161,0.024193548,0
AGACCCGTCGGTAACT-1_1,m1,19938,5018,TCCAGCTACTATCGTTACGACGCTACTACCG,0,0,0,0,TCCAGCTACTATCGTTACGACGCTACTACCG_ET27a_M1,0.000760174,5.080328572,TRUE,G2M,0.011198208,0.33818589,0.650615901,0
AGACTCAAGACATCCT-1_1,m1,11335,4278,nb,0,0,0,0,0,0,3.230688631,FALSE,G1,0.575866189,0.414575866,0.009557945,0
AGACTCACAGAGTCTT-1_1,m1,14027,4471,TCCACTATCGTTACGACCG,0.213246966,12282.17225,0.163466803,7406.353921,TCCACTATCGTTACGACCG_ET27a_M1,0,2.825382121,TRUE,G2M,0.021475257,0.122315593,0.85620915,0.5660716
AGAGAGCGTGCACATT-1_1,m1,8538,3682,nb,0,0,0,0,0,0,5.029527559,FALSE,G1,0.575560376,0.367317426,0.057122198,0
AGAGCAGGTCTGTGCG-1_1,m1,26075,4160,TCCAGTACTATCGTTACTACCG,0.076118952,4384.147161,0.134129873,6077.156301,TCCAGTACTATCGTTACTACCG_ET27a_M1,0.000317684,3.395522388,TRUE,G2M,0.055658627,0.02690167,0.917439703,0.362042223
AGATGCTAGCTTTGTG-1_1,m1,6246,2866,nb,0,0,0,0,0,0,7.809454191,FALSE,G2M,0.17001056,0.004223865,0.825765576,0
AGATGCTAGGGCAATC-1_1,m1,7417,3224,TCCACTACTATCGTTACGAGCTACTACCG,0.000856556,49.33420287,0.002571991,116.531761,TCCACTACTATCGTTACGAGCTACTACCG_ET27a_M1,0.00239489,3.520027744,TRUE,G1,0.580721467,0.418687167,0.000591366,0.249830613
AGCCACGCACAATGCT-1_1,m1,6842,3130,nb,0,0,0,0,0,0,6.865782625,FALSE,G1,0.840565086,0.120080727,0.039354188,0
AGCCACGCATCGAGCC-1_1,m1,8706,3622,nb,0,0,0,0,0,0,3.521600269,FALSE,G1,0.651238592,0.348761408,0,0
AGCCACGGTCGGCACT-1_1,m1,22291,4804,TCCAGATCTACTATCGTTACGCTACTACCG,7.93E-05,4.568937727,0.15307211,6935.391176,TCCAGATCTACTATCGTTACGCTACTACCG_ET27a_M1,0.000666364,2.590541659,TRUE,G2M,0.017699115,0.005899705,0.97640118,0.000517788
AGCCAGCAGTCTGCGC-1_1,m1,2157,1188,nb,0,0,0,0,0,0,2.13960014,FALSE,G1,0.773940345,0.186028257,0.040031397,0
AGCGATTAGACCATTC-1_1,m1,8755,3422,nb,0,0,0,0,0,0,3.156996587,FALSE,G1,0.971817298,0.028182702,0,0
AGCGATTGTAGCTCGC-1_1,m1,5744,2670,nb,0,0,0,0,0,0,3.33526123,FALSE,G1,0.748108926,0.243570348,0.008320726,0
AGCGATTGTCCAGCGT-1_1,m1,5644,2759,nb,0,0,0,0,0,0,3.065091395,FALSE,G1,0.720461095,0.279538905,0,0
AGCGCCACACCCAACG-1_1,m1,11895,4060,nb,0,0,0,0,0,0,2.414772727,FALSE,G1,0.803858521,0.196141479,0,0
AGCGCCACACTAGGTT-1_1,m1,6760,3198,TCCATCTACTATCGTTACGACGCTACTACCG,0.003348923,192.8845593,0.000980706,44.43381303,TCCATCTACTATCGTTACGACGCTACTACCG_ET27a_M1,0.00150159,2.241215575,TRUE,G1,0.954198473,0.045801527,0,0.773489599
AGCGTCGCAGCGTTTA-1_1,m1,3112,1640,nb,0,0,0,0,0,0,2.708388115,FALSE,G1,0.711925287,0.139367816,0.148706897,0
AGCGTCGGTTGAAGTA-1_1,m1,28317,5237,nb,0,0,0,0,0,0,2.245008583,FALSE,G2M,0.002824859,0.106403013,0.890772128,0
AGCTACAGTACCCGAC-1_1,m1,10378,4050,nb,0,0,0,0,0,0,6.3714324,FALSE,G1,0.918273646,0.081726354,0,0
AGCTACAGTCGGCTAC-1_1,m1,8150,3670,nb,0,0,0,0,0,0,3.83289905,FALSE,G1,0.654223969,0.345776031,0,0
AGGAAATAGTACCCTA-1_1,m1,14285,4557,TCCTATCGTTACGAGCTACTACCG,0.031788571,1830.894519,0.065589224,2971.716583,TCCTATCGTTACGAGCTACTACCG_ET27a_M1,0.000222856,2.636004181,TRUE,G1,0.791139241,0.208860759,0,0.326445788
AGGACGAAGGGACAGG-1_1,m1,7458,3121,nb,0,0,0,0,0,0,7.317073171,FALSE,G1,0.699090273,0.300909727,0,0
AGGACTTGTGGTATGG-1_1,m1,24229,5542,nb,0,0,0,0,0,0,2.789360983,FALSE,G1,0.889288929,0.109810981,0.00090009,0
AGGAGGTTCCCGTTGT-1_1,m1,22540,5552,TCCAGTCTACTATCGTTACGACTACTACCG,0,0,0.033934706,1537.513668,TCCAGTCTACTATCGTTACGACTACTACCG_ET27a_M1,0.000982032,3.100458354,TRUE,G2M,0,0.008919722,0.991080278,0
AGGATAAAGACCTTTG-1_1,m1,5125,2484,nb,0,0,0,0,0,0,8.972139147,FALSE,G2M,0.164056674,0.391498881,0.444444444,0
AGGATCTGTGGGTTGA-1_1,m1,35800,5068,TCCAGTACTATCGTTACGGCTACTACCG,0.039576783,2279.464419,2.96E-05,1.342645324,TCCAGTACTATCGTTACGGCTACTACCG_ET27a_M1,0.000754776,1.884192122,TRUE,G1,0.599318956,0.34846765,0.052213394,0.999252646
AGGCATTAGCACGGAT-1_1,m1,17966,5001,nb,0,0,0,0,0,0,2.619320625,FALSE,S,0.308797127,0.165170557,0.526032316,0
AGGGAGTAGCCTAACT-1_1,m1,6801,3120,nb,0,0,0,0,0,0,3.248106061,FALSE,G1,0.900090009,0.099909991,0,0
AGGGAGTAGTCGAAAT-1_1,m1,29236,4576,nb,0,0,0,0,0,0,1.050978884,FALSE,G2M,0,0.015748031,0.984251969,0
AGGGCCTAGCAGCAGT-1_1,m1,5714,2683,nb,0,0,0,0,0,0,5.50918197,FALSE,G1,0.886524823,0.113475177,0,0
AGGGCCTGTCGTCTCT-1_1,m1,6801,2434,nb,0,0,0,0,0,0,2.692182939,FALSE,G1,0.89047195,0.101513802,0.008014248,0
AGGGCCTGTTGCCGAC-1_1,m1,10508,3813,TCCAGTAGCTATCGTTACTACCG,0,0,0.02242188,1015.890544,TCCAGTAGCTATCGTTACTACCG_ET27a_M1,4.62E-05,5.536193795,TRUE,G1,0.955109838,0.044890162,0,0
AGGGTCCTCAAGTTGC-1_1,m1,34459,5948,TCCAGTCTACTATCGTTACGACTACTACCG,0,0,0.033934706,1537.513668,TCCAGTCTACTATCGTTACGACTACTACCG_ET27a_M1,0.000982032,1.181520932,TRUE,G1,0.984787018,0.015212982,0,0
AGGGTGATCCCTTTGG-1_1,m1,7003,3196,nb,0,0,0,0,0,0,3.425617663,FALSE,G1,0.881057269,0.118942731,0,0
AGGGTTTGTCACCTTC-1_1,m1,17087,4939,nb,0,0,0,0,0,0,4.022061306,FALSE,G1,0.64977258,0.35022742,0,0
AGGTAGGTCTGCAGCG-1_1,m1,9694,3787,nb,0,0,0,0,0,0,3.035620284,FALSE,G1,0.707299787,0.292700213,0,0
AGGTCTATCAGGACGA-1_1,m1,12038,4263,nb,0,0,0,0,0,0,2.789111504,FALSE,G1,0.602772755,0.397227245,0,0
AGGTCTATCCTGCCAT-1_1,m1,4083,1946,nb,0,0,0,0,0,0,3.416340811,FALSE,G1,0.656357388,0.211683849,0.131958763,0
AGGTTACAGAACGTGC-1_1,m1,3644,2028,nb,0,0,0,0,0,0,6.150520731,FALSE,G1,0.970559372,0.008832188,0.02060844,0
AGGTTACAGTCGCCAC-1_1,m1,25531,5484,nb,0,0,0,0,0,0,2.750302786,FALSE,G2M,0.007063572,0,0.992936428,0
AGTAACCCAGACCAGA-1_1,m1,13005,4411,nb,0,0,0,0,0,0,2.511623206,FALSE,G1,0.610873549,0.389126451,0,0
AGTACCAAGTGAGGCT-1_1,m1,6528,3012,nb,0,0,0,0,0,0,3.871892925,FALSE,G1,0.770542636,0.227906977,0.001550388,0
AGTAGTCGTCCAAATC-1_1,m1,5212,2003,nb,0,0,0,0,0,0,3.982016699,FALSE,G1,0.601503759,0.022556391,0.37593985,0
AGTAGTCTCGAGTTGT-1_1,m1,21837,5713,nb,0,0,0,0,0,0,2.602839461,FALSE,G1,0.544117647,0.455882353,0,0
AGTCACACACTTCCTG-1_1,m1,15812,5137,nb,0,0,0,0,0,0,3.168694822,FALSE,G1,0.51786639,0.48213361,0,0
AGTCATGCAAGAAATC-1_1,m1,9638,3793,TCCAGTCGTTACGACGTAGCTACTACCG,0.001892068,108.97556,0.022248061,1008.015156,TCCAGTCGTTACGACGTAGCTACTACCG_ET27a_M1,0.00093992,3.004150471,TRUE,G1,0.534547402,0.465452598,0,0.078378537
AGTCATGTCGTCGGGT-1_1,m1,11759,4250,nb,0,0,0,0,0,0,3.277864642,FALSE,G1,0.611453202,0.388546798,0,0
AGTGATCAGGACGCTA-1_1,m1,9472,3809,nb,0,0,0,0,0,0,3.831034713,FALSE,G1,0.604128719,0.395871281,0,0
AGTTAGCCATCTATCT-1_1,m1,17943,4786,nb,0,0,0,0,0,0,4.194796062,FALSE,G1,0.985192498,0.014807502,0,0
AGTTCCCCAGCACCCA-1_1,m1,3660,1880,nb,0,0,0,0,0,0,1.670098376,FALSE,G1,0.569417786,0.133077415,0.297504798,0
AGTTCGACACACGCCA-1_1,m1,2978,1730,nb,0,0,0,0,0,0,3.913662239,FALSE,S,0.232118758,0.583670715,0.184210526,0
ATACCGAGTTATAGCC-1_1,m1,10610,4153,nb,0,0,0,0,0,0,2.967909479,FALSE,G1,0.828500414,0.171499586,0,0
ATACTTCTCATTATCC-1_1,m1,10235,4023,nb,0,0,0,0,0,0,5.350451076,FALSE,G1,0.866551127,0.133448873,0,0
ATAGGCTAGGGATCGT-1_1,m1,3187,1529,nb,0,0,0,0,0,0,9.006433167,FALSE,G1,0.786259542,0.136556404,0.077184054,0
ATAGGCTAGTATGACA-1_1,m1,15859,4620,nb,0,0,0,0,0,0,2.63227165,FALSE,G1,0.630753138,0.364016736,0.005230126,0
ATAGGCTCACGTGTGC-1_1,m1,3655,2022,nb,0,0,0,0,0,0,8.283390411,FALSE,G1,0.854809437,0.108892922,0.036297641,0
ATATCCTAGGTCTGGA-1_1,m1,28143,5549,nb,0,0,0,0,0,0,2.788039311,FALSE,G2M,0.157096425,0,0.842903575,0
ATATCCTTCTAGACCA-1_1,m1,16679,4964,TCCAGTAGCTATCGTTACTACCG,0,0,0.02242188,1015.890544,TCCAGTAGCTATCGTTACTACCG_ET27a_M1,4.62E-05,5.647208122,TRUE,G2M,0,0.011857708,0.988142292,0
ATCACTTAGATTACCC-1_1,m1,5580,2727,nb,0,0,0,0,0,0,4.404040404,FALSE,G1,0.607902736,0.392097264,0,0
ATCAGGTTCAAGCTGT-1_1,m1,17910,4939,nb,0,0,0,0,0,0,5.748318667,FALSE,G1,0.888392857,0.111607143,0,0
ATCATTCCAGTTGTTG-1_1,m1,12508,4112,TCCAGTACTACTATCGTTACGATAGCTACTACCG,0.047519394,2736.927027,0.101627064,4604.51903,TCCAGTACTACTATCGTTACGATAGCTACTACCG_ET27a_M1,0.000109857,4.919435334,TRUE,G1,0.941619586,0.058380414,0,0.318608934
ATCATTCGTGGGCTTC-1_1,m1,12156,4151,nb,0,0,0,0,0,0,5.713936878,FALSE,S,0.196078431,0.311764706,0.492156863,0
ATCCATTTCGTCCTTG-1_1,m1,6402,3000,TCCAGTCGTTACGACTACCG,0,0,0,0,TCCAGTCGTTACGACTACCG_ET27a_M1,0.000268612,3.464106845,TRUE,G1,0.676371022,0.322274882,0.001354096,0
ATCCCTGAGTAGGAAG-1_1,m1,12152,4351,TCCAGTCGTTACGACTACCG,0,0,0,0,TCCAGTCGTTACGACTACCG_ET27a_M1,0.000268612,3.463824554,TRUE,G1,0.910746812,0.089253188,0,0
ATCCGTCAGCTGACCC-1_1,m1,14320,4510,TCCATATCGTTACGAGCTACTACCG,0,0,0,0,TCCATATCGTTACGAGCTACTACCG_ET27a_M1,0.000692166,2.236553238,TRUE,G1,0.498798077,0.501201923,0,0
ATCCTATCAGACCGCT-1_1,m1,10611,3987,nb,0,0,0,0,0,0,4.096477795,FALSE,G1,0.715819613,0.284180387,0,0
ATCGCCTCACATATGC-1_1,m1,6302,2936,nb,0,0,0,0,0,0,4.219770804,FALSE,G1,0.533735601,0.466264399,0,0
ATCGGATAGTTAGTAG-1_1,m1,4307,2390,nb,0,0,0,0,0,0,5.143995653,FALSE,G1,0.788142292,0.211857708,0,0
ATCGGATCAGTCTCTC-1_1,m1,7727,3393,TCCAGTCGTTACGAGCTACTACCG,0.001596309,91.94101443,0.000730495,33.09726017,TCCAGTCGTTACGAGCTACTACCG_ET27a_M1,0.00030996,3.284154372,TRUE,G1,0.702740689,0.297259311,0,0.686052199
ATCGTAGCACCGTCTT-1_1,m1,6934,2295,nb,0,0,0,0,0,0,2.622118841,FALSE,G1,0.710314557,0.007315289,0.282370154,0
ATCGTGACATGATAGA-1_1,m1,17124,4898,nb,0,0,0,0,0,0,5.780945672,FALSE,G1,0.778210117,0.221789883,0,0
ATCGTGAGTGAGCCAA-1_1,m1,8039,3781,nb,0,0,0,0,0,0,4.10461653,FALSE,G1,0.572026801,0.242881072,0.185092127,0
ATCTCTATCTCTAGGA-1_1,m1,6958,3295,nb,0,0,0,0,0,0,3.211875843,FALSE,G1,0.865800866,0.134199134,0,0
ATGACCATCCAGTGCG-1_1,m1,4860,2452,nb,0,0,0,0,0,0,6.300511298,FALSE,G1,0.636071887,0.363928113,0,0
ATGAGTCGTCGTACAT-1_1,m1,3068,1778,TCCAGTACTATCGTTACGGTAGCTACTACCG,0,0,0.01156576,524.0214553,TCCAGTACTATCGTTACGGTAGCTACTACCG_ET27a_M1,0.00058359,4.391648668,TRUE,G1,0.946717412,0.044719315,0.008563273,0
ATGCATGTCACGAGGA-1_1,m1,9081,3636,TCCAGTCTACTATCGTTACGACGCTACTACCG,0.158896862,9151.823654,0.136863945,6201.031621,TCCAGTCTACTATCGTTACGACGCTACTACCG_ET27a_M1,0.00252242,2.171341081,TRUE,G1,0.811688312,0.188311688,0,0.537247865
ATGCCTCAGATGGCGT-1_1,m1,4332,1969,nb,0,0,0,0,0,0,5.55061377,FALSE,G1,0.480405405,0.338513514,0.181081081,0
ATGCCTCAGTTGAATG-1_1,m1,1825,1075,nb,0,0,0,0,0,0,3.180503924,FALSE,G2M,0.000814996,0.184189079,0.814995925,0
ATGCCTCCAGAGGTAC-1_1,m1,9565,3836,nb,0,0,0,0,0,0,4.811167009,FALSE,G1,0.668449198,0.331550802,0,0
ATGGAGGGTTCCCAAA-1_1,m1,16332,4524,TCCACTATCGTTACGACCG,0.213246966,12282.17225,0.163466803,7406.353921,TCCACTATCGTTACGACCG_ET27a_M1,0,2.740189445,TRUE,G1,0.638629283,0.355140187,0.00623053,0.5660716
ATGGATCGTTAGCTAC-1_1,m1,16470,4578,TCCAGTACTACTATCGTTACGATAGCTACTACCG,0.047519394,2736.927027,0.101627064,4604.51903,TCCAGTACTACTATCGTTACGATAGCTACTACCG_ET27a_M1,0.000109857,3.857540927,TRUE,G1,0.842592593,0.151851852,0.005555556,0.318608934
ATGGGAGCAATGAACA-1_1,m1,21290,5299,nb,0,0,0,0,0,0,3.169683032,FALSE,G1,0.767350158,0.232649842,0,0
ATGTCTTCATAACTCG-1_1,m1,19440,5235,nb,0,0,0,0,0,0,3.931926963,FALSE,G2M,0,0.024414063,0.975585938,0
ATGTCTTGTGGTTTAC-1_1,m1,11831,4340,nb,0,0,0,0,0,0,4.86361472,FALSE,G1,0.78,0.2,0.02,0
ATTACCTCATCGGAAG-1_1,m1,7778,3292,nb,0,0,0,0,0,0,5.974719322,FALSE,G1,0.914913083,0.085086917,0,0
ATTCACTGTATGGAAT-1_1,m1,7696,3387,nb,0,0,0,0,0,0,3.30963041,FALSE,G1,0.816158285,0.183841715,0,0
ATTCAGGAGAAATTCG-1_1,m1,20351,2261,nb,0,0,0,0,0,0,3.339846413,FALSE,G1,0.631578947,0.001670844,0.366750209,0
ATTCATCAGGGATCTG-1_1,m1,12550,4381,nb,0,0,0,0,0,0,3.21740002,FALSE,G1,0.688705234,0.311294766,0,0
ATTCATCGTGAATATG-1_1,m1,16011,4522,TCCAGACTATCGTTACGCTACTACCG,0.106889906,6156.431054,0.045550183,2063.787693,TCCAGACTATCGTTACGCTACTACCG_ET27a_M1,0.000364859,2.730933803,TRUE,G1,0.515798463,0.002561913,0.481639624,0.701192886
ATTCGTTGTTAAGCAA-1_1,m1,4053,1816,nb,0,0,0,0,0,0,2.389638818,FALSE,G1,0.449466416,0.281858129,0.268675455,0
ATTTCTGGTAGTCTGT-1_1,m1,17633,5365,nb,0,0,0,0,0,0,4.982288264,FALSE,G2M,0,0.074142725,0.925857275,0
ATTTCTGGTCCTTAAG-1_1,m1,5512,2269,nb,0,0,0,0,0,0,2.39780442,FALSE,G1,0.943181818,0.03030303,0.026515152,0
ATTTCTGTCGAACCAT-1_1,m1,19521,4879,TCCAGTACTACTATCGTTACGATAGCTACTACCG,0.047519394,2736.927027,0.101627064,4604.51903,TCCAGTACTACTATCGTTACGATAGCTACTACCG_ET27a_M1,0.000109857,2.261986246,TRUE,G1,0.87113857,0.127978817,0.000882613,0.318608934
CAACAGTGTGCCCGTA-1_1,m1,17169,4986,nb,0,0,0,0,0,0,3.468665417,FALSE,G1,0.672043011,0.327956989,0,0
CAACAGTTCCAAAGGG-1_1,m1,5398,2677,nb,0,0,0,0,0,0,4.128787879,FALSE,G1,0.770186335,0.229037267,0.000776398,0
CAACCAATCTGAGATC-1_1,m1,4923,2521,TCCAGTCGTTACGACTACCG,0,0,0,0,TCCAGTCGTTACGACTACCG_ET27a_M1,0.000268612,3.791831022,TRUE,G1,0.960614793,0.039385207,0,0
CAACGGCCATATGAAG-1_1,m1,7891,3336,TCCAGTCGTTACTACTACCG,0,0,0,0,TCCAGTCGTTACTACTACCG_ET27a_M1,0.000267174,3.133267196,TRUE,G1,0.560879369,0.437429538,0.001691094,0
CAACGGCGTGTTATCG-1_1,m1,12201,4106,TCCAGTACTACTATCGTTACGATAGCTACTACCG,0.047519394,2736.927027,0.101627064,4604.51903,TCCAGTACTACTATCGTTACGATAGCTACTACCG_ET27a_M1,0.000109857,3.196224594,TRUE,S,0.470967742,0.372903226,0.156129032,0.318608934
CAACGGCGTTTCTATC-1_1,m1,22797,5396,TCCACTATCGTTACGAGCTACTACCG,0.080916839,4660.486265,0.088229273,3997.491892,TCCACTATCGTTACGAGCTACTACCG_ET27a_M1,0.00118229,2.673236485,TRUE,G2M,0.001953125,0.025390625,0.97265625,0.478384268
CAAGACTGTATCACGT-1_1,m1,7652,3301,nb,0,0,0,0,0,0,3.056041302,FALSE,G1,0.934579439,0.065420561,0,0
CAAGAGGAGAGAGGGC-1_1,m1,17848,4824,TCCTATCGTTACGAGCTACTACCG,0.031788571,1830.894519,0.065589224,2971.716583,TCCTATCGTTACGAGCTACTACCG_ET27a_M1,0.000222856,2.892532652,TRUE,G1,0.765729585,0.070950469,0.163319946,0.326445788
CAAGAGGAGTAACGTA-1_1,m1,978,770,nb,0,0,0,0,0,0,1.136363636,FALSE,S,0.612903226,0.290322581,0.096774194,0
CAAGAGGCAGAATCGG-1_1,m1,10044,3793,nb,0,0,0,0,0,0,4.669360529,FALSE,G1,0.855431993,0.144568007,0,0
CAAGCTATCCGTGTCT-1_1,m1,9633,3510,nb,0,0,0,0,0,0,2.110559331,FALSE,G1,0.870192308,0.0125,0.117307692,0
CAATCGAAGGTTAGTA-1_1,m1,8352,3234,nb,0,0,0,0,0,0,3.453281381,FALSE,G1,0.676589986,0.323410014,0,0
CAATTTCAGTAGATCA-1_1,m1,7600,3483,nb,0,0,0,0,0,0,3.376756942,FALSE,G1,0.770440252,0.225628931,0.003930818,0
CACAACATCTTGATTC-1_1,m1,19042,4994,nb,0,0,0,0,0,0,4.29421932,FALSE,G1,0.82918552,0.153846154,0.016968326,0
CACACAAAGTAGTGCG-1_1,m1,8113,3311,TCCAGTAGCTATCGTTACTACCG,0,0,0.02242188,1015.890544,TCCAGTAGCTATCGTTACTACCG_ET27a_M1,4.62E-05,7.40172439,TRUE,G1,0.974658869,0.025341131,0,0
CACAGATAGACAACAT-1_1,m1,610,479,TCCAGTAGCGTTACGACTACTACCG,0.024333979,1401.539854,0.036660856,1661.030083,TCCAGTAGCGTTACGACTACTACCG_ET27a_M1,5.36E-05,5.046948357,TRUE,G2M,0.095092025,0.099182004,0.805725971,0.398951469
CACAGGCGTTCAGTAC-1_1,m1,7039,3144,nb,0,0,0,0,0,0,2.978266702,FALSE,G1,0.976516634,0.022504892,0.000978474,0
CACATGATCTGGGTCG-1_1,m1,20201,5133,TCCAGTACTACTATCGTTACGATAGCTACTACCG,0.047519394,2736.927027,0.101627064,4604.51903,TCCAGTACTACTATCGTTACGATAGCTACTACCG_ET27a_M1,0.000109857,2.339424585,TRUE,G1,0.971817298,0.028182702,0,0.318608934
CACCAAATCAGATTGC-1_1,m1,16742,4580,nb,0,0,0,0,0,0,3.56191612,FALSE,G1,0.645994832,0.315245478,0.03875969,0
CACCAAATCTCTAAGG-1_1,m1,4687,2068,nb,0,0,0,0,0,0,1.810385898,FALSE,G1,0.63271028,0.199065421,0.168224299,0
CACGAATGTCTCAAGT-1_1,m1,6877,2568,nb,0,0,0,0,0,0,1.186196981,FALSE,G1,0.901357466,0.062443439,0.036199095,0
CACGAATTCATGAGTC-1_1,m1,22408,5499,TCCAGACTATCGTTACGCTACTACCG,0.106889906,6156.431054,0.045550183,2063.787693,TCCAGACTATCGTTACGCTACTACCG_ET27a_M1,0.000364859,2.589584329,TRUE,S,0.60738255,0.275167785,0.117449664,0.701192886
CACGTGGCATGACAAA-1_1,m1,15126,4706,nb,0,0,0,0,0,0,3.070974623,FALSE,G1,0.799839872,0.200160128,0,0
CACGTTCCACCGCTGA-1_1,m1,9939,3963,TCCAGTCGTTACGACGTAGCTACTACCG,0.001892068,108.97556,0.022248061,1008.015156,TCCAGTCGTTACGACGTAGCTACTACCG_ET27a_M1,0.00093992,4.347240008,TRUE,G1,0.921658986,0.078341014,0,0.078378537
CACTGAACAAGCCTGC-1_1,m1,5462,2770,TCCAGTACTATCGTTACGGTAGCTACTACCG,0,0,0.01156576,524.0214553,TCCAGTACTATCGTTACGGTAGCTACTACCG_ET27a_M1,0.00058359,2.147996993,TRUE,G1,0.854202401,0.118353345,0.027444254,0
CACTGAATCAGATGCT-1_1,m1,7193,3289,TCCAGTCGTTACGACTACCG,0,0,0,0,TCCAGTCGTTACGACTACCG_ET27a_M1,0.000268612,3.527896145,TRUE,G1,0.725090909,0.274909091,0,0
CACTGGGGTCCATAGT-1_1,m1,26550,5128,nb,0,0,0,0,0,0,2.317699792,FALSE,G1,0.770250368,0.038291605,0.191458027,0
CACTGTCGTGTTGATC-1_1,m1,13208,3787,TCCAGTACTATCGTTACGACGCTACTACCG,0.012863738,740.899836,0.023416868,1060.97146,TCCAGTACTATCGTTACGACGCTACTACCG_ET27a_M1,0.00123583,2.386049416,TRUE,G1,0.960824742,0.034020619,0.005154639,0.35456238
CAGATACTCGAACCAT-1_1,m1,2560,1484,nb,0,0,0,0,0,0,4.880754298,FALSE,G1,0.701554404,0.207253886,0.09119171,0
CAGCAATAGCTTCATG-1_1,m1,9337,3820,nb,0,0,0,0,0,0,3.210144928,FALSE,G1,0.730994152,0.269005848,0,0
CAGCAGCGTGCTCGTG-1_1,m1,33426,5741,nb,0,0,0,0,0,0,3.00483933,FALSE,G1,0.968992248,0.031007752,0,0
CAGCAGCGTGTCATCA-1_1,m1,19688,4821,nb,0,0,0,0,0,0,9.281069528,FALSE,G1,0.651240778,0.345405768,0.003353454,0
CAGCGTGAGGTGCATG-1_1,m1,16428,5232,nb,0,0,0,0,0,0,5.269731469,FALSE,G1,0.627118644,0.372881356,0,0
CAGGCCACAAACTCTG-1_1,m1,31657,4762,nb,0,0,0,0,0,0,2.038811691,FALSE,G1,0.951196172,0.048803828,0,0
CAGGGCTAGACTCTTG-1_1,m1,11432,3941,TCCTCTACTATCGTTACGACGCTACTACCG,0.136578591,7866.380534,0.055431611,2511.49544,TCCTCTACTATCGTTACGACGCTACTACCG_ET27a_M1,0.000280136,2.67866067,TRUE,G1,0.960576923,0.002884615,0.036538462,0.711309032
CAGTTAGAGGATGAGA-1_1,m1,10482,3838,nb,0,0,0,0,0,0,5.01497981,FALSE,G2M,0,0.037536092,0.962463908,0
CAGTTAGCAACTGGTT-1_1,m1,26935,2430,nb,0,0,0,0,0,0,2.07146026,FALSE,G1,0.722722723,0.229229229,0.048048048,0
CAGTTAGCACTATGTG-1_1,m1,7828,3352,nb,0,0,0,0,0,0,4.282773908,FALSE,G1,0.786163522,0.213836478,0,0
CATAAGCCACGCTGCA-1_1,m1,9731,3954,nb,0,0,0,0,0,0,3.092710545,FALSE,G1,0.560383747,0.439616253,0,0
CATACAGAGCAATTCC-1_1,m1,5110,2623,TCCAGTACTATCGTTACGAGCTACTACCG,0.095137853,5479.559764,0.150158716,6803.391089,TCCAGTACTATCGTTACGAGCTACTACCG_ET27a_M1,0.00156015,6.26349892,TRUE,G1,0.634910486,0.365089514,0,0.387848283
CATACTTGTCCCACGA-1_1,m1,11275,4152,nb,0,0,0,0,0,0,2.61682243,FALSE,G1,0.772200772,0.227799228,0,0
CATCCACAGCATCAAA-1_1,m1,5507,2355,nb,0,0,0,0,0,0,3.99165922,FALSE,G1,0.710134128,0.131147541,0.158718331,0
CATCCCAAGGTTGAGC-1_1,m1,24428,5443,nb,0,0,0,0,0,0,5.536726465,FALSE,G2M,0.065481759,0.221702526,0.712815716,0
CATCCGTGTTCGTACA-1_1,m1,14285,4343,nb,0,0,0,0,0,0,3.470474147,FALSE,G1,0.594883998,0.405116002,0,0
CATCGCTCAACTCCAA-1_1,m1,13434,4425,TCCAGTCTACTATCGTTACGACGCTACTACCG,0.158896862,9151.823654,0.136863945,6201.031621,TCCAGTCTACTATCGTTACGACGCTACTACCG_ET27a_M1,0.00252242,2.177763885,TRUE,G1,0.982318271,0.017681729,0,0.537247865
CATCGGGAGGAAGTAG-1_1,m1,7012,3243,TCCACTATCGTTACGACCG,0.213246966,12282.17225,0.163466803,7406.353921,TCCACTATCGTTACGACCG_ET27a_M1,0,3.67396806,TRUE,G1,0.577946768,0.354879594,0.067173638,0.5660716
CATCGTCAGCTTCGTA-1_1,m1,25115,5333,nb,0,0,0,0,0,0,6.157029415,FALSE,G1,0.968051118,0.012779553,0.019169329,0
CATGAGTCAAGCGCTC-1_1,m1,20108,5167,TCCAGACTATCGTTACGCTACTACCG,0.106889906,6156.431054,0.045550183,2063.787693,TCCAGACTATCGTTACGCTACTACCG_ET27a_M1,0.000364859,3.321458863,TRUE,G1,0.690131125,0.309868875,0,0.701192886
CATGCAAAGTAGAATC-1_1,m1,1203,816,nb,0,0,0,0,0,0,2.386117137,FALSE,G1,0.852302346,0.134665508,0.013032146,0
CATGCCTAGATGCTGG-1_1,m1,4682,2456,nb,0,0,0,0,0,0,5.941921072,FALSE,G1,0.936970837,0.062088429,0.000940734,0
CATGCGGCACTACGGC-1_1,m1,4853,2516,nb,0,0,0,0,0,0,4.998288257,FALSE,G1,0.914009662,0.080193237,0.005797101,0
CATGGTACACTGCACG-1_1,m1,3404,1672,nb,0,0,0,0,0,0,3.890959925,FALSE,G1,0.729228487,0.131305638,0.139465875,0
CATTCATCAGGATCTT-1_1,m1,31075,5555,nb,0,0,0,0,0,0,2.108770468,FALSE,G1,0.783085356,0.216914644,0,0
CATTCATGTACACGCC-1_1,m1,16483,4659,TCCAGTCTACTATCGTTACGCTACTACCG,0.000632683,36.44003621,0.005192319,235.2535752,TCCAGTCTACTATCGTTACGCTACTACCG_ET27a_M1,0.00240205,4.03848392,TRUE,S,0.523664122,0.003053435,0.473282443,0.10861507
CATTCCGCATGGCGCT-1_1,m1,7233,3230,nb,0,0,0,0,0,0,3.837125316,FALSE,G1,0.713775874,0.286224126,0,0
CATTCCGTCACGATAC-1_1,m1,20454,5335,nb,0,0,0,0,0,0,3.182915632,FALSE,G1,0.979351032,0.020648968,0,0
CATTCTAGTCAGGAGT-1_1,m1,24180,5048,nb,0,0,0,0,0,0,3.453517056,FALSE,G1,0.810810811,0.189189189,0,0
CATTGCCGTCACGCTG-1_1,m1,7798,3435,nb,0,0,0,0,0,0,5.26897255,FALSE,G1,0.905204461,0.027881041,0.066914498,0
CCAATGATCAGCGTCG-1_1,m1,34239,6017,nb,0,0,0,0,0,0,2.367480339,FALSE,G1,0.697761194,0.277052239,0.025186567,0
CCAATTTAGAGTGGCT-1_1,m1,8272,3403,nb,0,0,0,0,0,0,2.447500739,FALSE,G1,0.589970501,0.410029499,0,0
CCACAAACAGACGCTC-1_1,m1,15283,4732,TCGTTACGTAGCTACTACCG,0,0,0.006108091,276.745379,TCGTTACGTAGCTACTACCG_ET27a_M1,1.93E-05,2.971297359,TRUE,G1,0.9765625,0.0234375,0,0
CCACACTGTCGACTGC-1_1,m1,7488,3376,nb,0,0,0,0,0,0,5.72378986,FALSE,G1,0.640204866,0.359795134,0,0
CCACGAGCAGCTGTAT-1_1,m1,28726,5915,TCCAGTCTACTATCGTTACGACTACTACCG,0,0,0.033934706,1537.513668,TCCAGTCTACTATCGTTACGACTACTACCG_ET27a_M1,0.000982032,3.033786373,TRUE,G2M,0.012884044,0,0.987115956,0
CCACGTTTCGCCGTGA-1_1,m1,6052,2760,TCCACTATCGTTGTAGCTACTACCG,0,0,0,0,TCCACTATCGTTGTAGCTACTACCG_ET27a_M1,0.000304833,2.377542252,TRUE,G1,0.877963126,0.120280948,0.001755926,0
CCATCACTCAACTGGT-1_1,m1,24204,5819,nb,0,0,0,0,0,0,2.383601757,FALSE,G2M,0,0.001996008,0.998003992,0
CCCAACTGTAGACACG-1_1,m1,6783,1397,nb,0,0,0,0,0,0,1.22003121,FALSE,G1,0.635770235,0.302872063,0.061357702,0
CCCGAAGGTTGTAGCT-1_1,m1,1610,995,nb,0,0,0,0,0,0,1.894612197,FALSE,G1,0.597652976,0.249790444,0.15255658,0
CCCGGAACAGCGTTGC-1_1,m1,16244,4775,nb,0,0,0,0,0,0,3.339241118,FALSE,G2M,0,0.065420561,0.934579439,0
CCCTAACCATGAAAGT-1_1,m1,5738,2787,nb,0,0,0,0,0,0,7.342310418,FALSE,G1,0.491577335,0.508422665,0,0
CCCTCAATCTTCTGGC-1_1,m1,22480,3368,nb,0,0,0,0,0,0,1.592575619,FALSE,G1,0.600611621,0.399388379,0,0
CCCTCTCCAATTTCGG-1_1,m1,14721,4476,TCCTCTACTATCGTTACGACGCTACTACCG,0.136578591,7866.380534,0.055431611,2511.49544,TCCTCTACTATCGTTACGACGCTACTACCG_ET27a_M1,0.000280136,2.472468612,TRUE,G1,0.851788756,0.148211244,0,0.711309032
CCCTGATCACGCGCTA-1_1,m1,14194,4202,TCCAGTACTACTATCGTTACGATAGCTACTACCG,0.047519394,2736.927027,0.101627064,4604.51903,TCCAGTACTACTATCGTTACGATAGCTACTACCG_ET27a_M1,0.000109857,2.781518458,TRUE,G1,0.896860987,0.103139013,0,0.318608934
CCGATCTGTAGAATAC-1_1,m1,12661,4391,nb,0,0,0,0,0,0,3.764222345,FALSE,G1,0.710732054,0.289267946,0,0
CCGATCTGTTGCCTAA-1_1,m1,5584,2680,TCCAGACTATCGTTACGCTACTACCG,0.106889906,6156.431054,0.045550183,2063.787693,TCCAGACTATCGTTACGCTACTACCG_ET27a_M1,0.000364859,3.347938434,TRUE,G1,0.848896435,0.151103565,0,0.701192886
CCGCAAGCAGTCACGC-1_1,m1,4049,2167,nb,0,0,0,0,0,0,6.362612613,FALSE,G1,0.797264682,0.202735318,0,0
CCGCAAGCATCGCTGG-1_1,m1,3297,1664,nb,0,0,0,0,0,0,3.621495327,FALSE,G1,0.835983264,0.138075314,0.025941423,0
CCGCAAGTCGCCAGTG-1_1,m1,11596,4075,nb,0,0,0,0,0,0,5.480563119,FALSE,G1,0.615763547,0.384236453,0,0
CCGGACAAGCCTTTGA-1_1,m1,5088,2487,nb,0,0,0,0,0,0,6.674850391,FALSE,G1,0.872655479,0.07798618,0.049358342,0
CCGGACATCGCATGAT-1_1,m1,12305,4059,nb,0,0,0,0,0,0,2.691812636,FALSE,G1,0.828500414,0.171499586,0,0
CCGGGTAGTCTCTCTG-1_1,m1,19098,5288,TCCAGATCTACTATCGTTACGCTACTACCG,7.93E-05,4.568937727,0.15307211,6935.391176,TCCAGATCTACTATCGTTACGCTACTACCG_ET27a_M1,0.000666364,2.563425943,TRUE,G1,0.734901961,0.265098039,0,0.000517788
CCGGTAGAGGCGAAGG-1_1,m1,24374,5597,TCCTCTACTATCGTTACGACGCTACTACCG,0.136578591,7866.380534,0.055431611,2511.49544,TCCTCTACTATCGTTACGACGCTACTACCG_ET27a_M1,0.000280136,1.575894752,TRUE,G1,0.997002997,0.002997003,0,0.711309032
CCGGTGAGTGGGTCAA-1_1,m1,6411,3003,TCCCTACTATCGTTACGTAGCTACTACCG,0,0,0,0,TCCCTACTATCGTTACGTAGCTACTACCG_ET27a_M1,0.00052584,2.297284143,TRUE,G1,0.760305344,0.239694656,0,0
CCGTAGGAGAGAGTTT-1_1,m1,25808,3172,nb,0,0,0,0,0,0,1.252776867,FALSE,G2M,0.000990099,0.008910891,0.99009901,0
CCGTAGGGTTCAAGGG-1_1,m1,7383,2363,TCCACTATCGTTACGACCG,0.213246966,12282.17225,0.163466803,7406.353921,TCCACTATCGTTACGACCG_ET27a_M1,0,3.895590271,TRUE,G1,0.735362998,0.114754098,0.149882904,0.5660716
CCGTGAGTCGACCTAA-1_1,m1,5262,2634,nb,0,0,0,0,0,0,2.717321314,FALSE,G1,0.843830889,0.12769629,0.028472821,0
CCTAACCGTGACTGAG-1_1,m1,7829,3431,nb,0,0,0,0,0,0,6.598773771,FALSE,G1,0.737704918,0.207650273,0.054644809,0
CCTAAGACAATGACCT-1_1,m1,16327,5177,TCCAGTCTATCGTTACGACTAGCTACTACCG,0,0,0,0,TCCAGTCTATCGTTACGACTAGCTACTACCG_ET27a_M1,0.000433007,3.260963584,TRUE,G1,0.643086817,0.356913183,0,0
CCTCACAGTGCAACGA-1_1,m1,19791,5062,nb,0,0,0,0,0,0,2.507364756,FALSE,G1,0.598802395,0.401197605,0,0
CCTCCAACAAATGAAC-1_1,m1,19362,4682,nb,0,0,0,0,0,0,1.978715018,FALSE,G1,0.92936803,0.07063197,0,0
CCTCCTCAGTCATGGG-1_1,m1,9880,3864,nb,0,0,0,0,0,0,2.801827802,FALSE,G1,0.671591672,0.328408328,0,0
CCTCTCCGTCACAGTT-1_1,m1,16804,4846,TCCTCTACTATCGTTACGACGCTACTACCG,0.136578591,7866.380534,0.055431611,2511.49544,TCCTCTACTATCGTTACGACGCTACTACCG_ET27a_M1,0.000280136,2.97568832,TRUE,G1,0.963391137,0.036608863,0,0.711309032
CCTTGTGAGGCCACCT-1_1,m1,11877,3531,nb,0,0,0,0,0,0,1.634284913,FALSE,G1,0.860243056,0.130208333,0.009548611,0
CCTTTGGGTCCGATCG-1_1,m1,7779,3558,TCCAGTCGTTACGAGCTACTACCG,0.001596309,91.94101443,0.000730495,33.09726017,TCCAGTCGTTACGAGCTACTACCG_ET27a_M1,0.00030996,6.239015817,TRUE,G1,0.73040293,0.268864469,0.000732601,0.686052199
CGAAGTTAGCGTGTTT-1_1,m1,6948,3002,nb,0,0,0,0,0,0,4.057809894,FALSE,G1,0.742401216,0.243920973,0.013677812,0
CGAAGTTTCACAAGGG-1_1,m1,9692,3642,TCCAGTCTACTATCGTTACGACGCTACTACCG,0.158896862,9151.823654,0.136863945,6201.031621,TCCAGTCTACTATCGTTACGACGCTACTACCG_ET27a_M1,0.00252242,3.361986628,TRUE,G1,0.807443366,0.192556634,0,0.537247865
CGAAGTTTCTAGTGAC-1_1,m1,9269,3520,TCCACTATCGTTACGACCG,0.213246966,12282.17225,0.163466803,7406.353921,TCCACTATCGTTACGACCG_ET27a_M1,0,2.482131254,TRUE,G1,0.891071429,0.108928571,0,0.5660716
CGAATTGCACAGCTGC-1_1,m1,16309,4061,nb,0,0,0,0,0,0,1.281012658,FALSE,G2M,0,0.007936508,0.992063492,0
CGAATTGTCAATCTCT-1_1,m1,27426,5844,nb,0,0,0,0,0,0,3.18015863,FALSE,G1,0.73964497,0.26035503,0,0
CGACAGCCAAGAGTGC-1_1,m1,12732,3989,TCCAGTCTACTATCGTTACGACGCTACTACCG,0.158896862,9151.823654,0.136863945,6201.031621,TCCAGTCTACTATCGTTACGACGCTACTACCG_ET27a_M1,0.00252242,1.500247047,TRUE,G1,0.938967136,0.061032864,0,0.537247865
CGAGAAGTCCCGTGTT-1_1,m1,7946,3229,nb,0,0,0,0,0,0,4.365049135,FALSE,G1,0.989119683,0.010880317,0,0
CGAGGAAAGTCAGCGA-1_1,m1,5384,2747,nb,0,0,0,0,0,0,4.641180416,FALSE,G1,0.87677305,0.058510638,0.064716312,0
CGATGCGAGTGCCGAA-1_1,m1,12359,4016,TCCAGTCTACTATCGTTACGACTACTACCG,0,0,0.033934706,1537.513668,TCCAGTCTACTATCGTTACGACTACTACCG_ET27a_M1,0.000982032,2.79316157,TRUE,G1,0.930970149,0.069029851,0,0
CGATGCGGTGGGATTG-1_1,m1,17765,4677,TCCAGTACTACTATCGTTACGATAGCTACTACCG,0.047519394,2736.927027,0.101627064,4604.51903,TCCAGTACTACTATCGTTACGATAGCTACTACCG_ET27a_M1,0.000109857,2.278003971,TRUE,G1,0.738645418,0.261354582,0,0.318608934
CGCAGGTAGCCTCAAT-1_1,m1,6512,2912,TCCAGTACTATCGTTACGACTACTACCG,0,0,0.006772736,306.8591447,TCCAGTACTATCGTTACGACTACTACCG_ET27a_M1,0.000590437,7.373696052,TRUE,G1,0.575438596,0.424561404,0,0
CGCAGGTGTATCCCAA-1_1,m1,29519,5870,nb,0,0,0,0,0,0,1.671907875,FALSE,G2M,0.379173291,0.001589825,0.619236884,0
CGCAGGTTCAGCAGAG-1_1,m1,2544,1416,nb,0,0,0,0,0,0,1.786853861,FALSE,G1,0.708112206,0.219105383,0.072782411,0
CGCATGGGTCAAGCGA-1_1,m1,10990,3979,nb,0,0,0,0,0,0,3.888066018,FALSE,G1,0.534298301,0.465701699,0,0
CGCCATTGTCACTGAT-1_1,m1,5702,2819,nb,0,0,0,0,0,0,3.741762538,FALSE,G1,0.849617672,0.150382328,0,0
CGCGTGAAGCTACTAC-1_1,m1,10422,3767,TCCTATCGTTACGCTACTACCG,0.00077455,44.61097246,0.029400266,1332.067243,TCCTATCGTTACGCTACTACCG_ET27a_M1,0.000202963,5.403387884,TRUE,G1,0.75245283,0.246792453,0.000754717,0.025668756
CGGACACCAGATACCT-1_1,m1,9363,3514,TCCAGTCTACTATCGTTACGACGCTACTACCG,0.158896862,9151.823654,0.136863945,6201.031621,TCCAGTCTACTATCGTTACGACGCTACTACCG_ET27a_M1,0.00252242,1.947419669,TRUE,G1,0.836683417,0.163316583,0,0.537247865
CGGGACTTCACACCGG-1_1,m1,5865,2920,TCCACTACTATCGTCTACTACCG,0,0,0.009391323,425.5020573,TCCACTACTATCGTCTACTACCG_ET27a_M1,0.000150408,5.51421738,TRUE,G1,0.511063141,0.488397194,0.000539665,0
CGGGACTTCCGGTAAT-1_1,m1,1220,789,nb,0,0,0,0,0,0,6.506584043,FALSE,G2M,0.41025641,0.109775641,0.479967949,0
CGGGCATAGCGACCCT-1_1,m1,3779,2076,nb,0,0,0,0,0,0,8.765027322,FALSE,G1,0.536951501,0.452078522,0.010969977,0
CGGTCAGCACAGAGCA-1_1,m1,4019,2200,nb,0,0,0,0,0,0,7.765582936,FALSE,G1,0.810747664,0.071261682,0.117990654,0
CGTAATGGTTGATGTC-1_1,m1,1314,945,nb,0,0,0,0,0,0,1.759324419,FALSE,G2M,0.167215815,0.111202636,0.721581549,0
CGTCCATCAGGGACTA-1_1,m1,4239,1972,nb,0,0,0,0,0,0,3.255870249,FALSE,G1,0.528934559,0.471065441,0,0
CGTGATAAGAGCCGTA-1_1,m1,5272,2526,nb,0,0,0,0,0,0,4.286882374,FALSE,G1,0.660927152,0.339072848,0,0
CGTGATACACGCTGTG-1_1,m1,9416,3817,nb,0,0,0,0,0,0,3.325365579,FALSE,G1,0.710732054,0.289267946,0,0
CGTTAGACAGGTCCCA-1_1,m1,26433,5258,nb,0,0,0,0,0,0,1.331709718,FALSE,G1,0.954493743,0.042093288,0.003412969,0
CGTTCTGCACAAAGTA-1_1,m1,31587,5555,nb,0,0,0,0,0,0,1.502081456,FALSE,G1,0.898481973,0.098671727,0.0028463,0
CTAACCCGTAATACCC-1_1,m1,16578,4901,nb,0,0,0,0,0,0,1.880978109,FALSE,G1,0.537923615,0.462076385,0,0
CTAACCCGTCTCACAA-1_1,m1,18781,4969,nb,0,0,0,0,0,0,3.676797158,FALSE,G1,0.751314801,0.248685199,0,0
CTAAGTGGTCCCAAAT-1_1,m1,7448,2618,nb,0,0,0,0,0,0,3.283415496,FALSE,G1,0.830808081,0.05976431,0.109427609,0
CTAAGTGGTCGATTTG-1_1,m1,10760,3716,TCCCTACTATCGTTACGCTACTACCG,0,0,0,0,TCCCTACTATCGTTACGCTACTACCG_ET27a_M1,0.000479648,4.717642932,TRUE,G2M,0.006018054,0.014042126,0.979939819,0
CTAAGTGTCGACGATT-1_1,m1,30819,5460,nb,0,0,0,0,0,0,2.841965471,FALSE,G1,0.787687451,0.212312549,0,0
CTACATTAGGTGGCTA-1_1,m1,4890,2547,nb,0,0,0,0,0,0,4.606428752,FALSE,G1,0.867620751,0.029516995,0.102862254,0
CTACATTGTGGCTAGA-1_1,m1,13859,4536,TCCAGTACTATCGTTACGACGTAGCTACTACCG,0.093997789,5413.896637,0.079863848,3618.471238,TCCAGTACTATCGTTACGACGTAGCTACTACCG_ET27a_M1,0.00144722,3.447027956,TRUE,G1,0.937207123,0.062792877,0,0.540647095
CTACTATCAGCTATTG-1_1,m1,18529,5173,nb,0,0,0,0,0,0,3.425497409,FALSE,G1,0.546448087,0.453551913,0,0
CTAGGTACACCGTCGA-1_1,m1,14258,4802,TCCAGTCGTTACGAGCTACTACCG,0.001596309,91.94101443,0.000730495,33.09726017,TCCAGTCGTTACGAGCTACTACCG_ET27a_M1,0.00030996,3.389056362,TRUE,G1,0.5625,0.4375,0,0.686052199
CTATAGGAGTGCAACG-1_1,m1,3288,1912,nb,0,0,0,0,0,0,8.472830286,FALSE,S,0.369926199,0.323800738,0.306273063,0
CTATCCGAGAGATCGC-1_1,m1,8872,3527,nb,0,0,0,0,0,0,4.125168237,FALSE,G1,0.647249191,0.352750809,0,0
CTATCCGGTTAGCTAC-1_1,m1,1036,668,nb,0,0,0,0,0,0,1.682242991,FALSE,G2M,0.243455497,0.055846422,0.70069808,0
CTATCTACAATGTGGG-1_1,m1,18870,5291,TCCAGTAGCTATCGTTACTACCG,0,0,0.02242188,1015.890544,TCCAGTAGCTATCGTTACTACCG_ET27a_M1,4.62E-05,3.104883167,TRUE,G1,0.710991545,0.289008455,0,0
CTATCTACAGAGGCAT-1_1,m1,19383,5110,TCCACTATCGTCTACTACCG,0,0,0,0,TCCACTATCGTCTACTACCG_ET27a_M1,3.43E-05,4.596489953,TRUE,G1,0.752727273,0.035151515,0.212121212,0
CTCAAGACAAAGCTCT-1_1,m1,23210,5604,TCCAGTCTACTATCGTTACGACGCTACTACCG,0.158896862,9151.823654,0.136863945,6201.031621,TCCAGTCTACTATCGTTACGACGCTACTACCG_ET27a_M1,0.00252242,1.916243655,TRUE,G1,0.863402062,0.101804124,0.034793814,0.537247865
CTCACTGGTGGCACTC-1_1,m1,21213,5026,TCCTCTACTATCGTTACGACGCTACTACCG,0.136578591,7866.380534,0.055431611,2511.49544,TCCTCTACTATCGTTACGACGCTACTACCG_ET27a_M1,0.000280136,1.116282097,TRUE,G1,0.991919192,0.002020202,0.006060606,0.711309032
CTCAGAAGTACCTTCC-1_1,m1,32988,5618,nb,0,0,0,0,0,0,1.227379697,FALSE,G1,0.796296296,0.203703704,0,0
CTCAGGGTCAGGCGAA-1_1,m1,27761,4996,nb,0,0,0,0,0,0,1.695200539,FALSE,G1,0.722750549,0.277249451,0,0
CTCAGTCCAAAGCTAA-1_1,m1,7105,3170,TCCACTATCGTCTACTACCG,0,0,0,0,TCCACTATCGTCTACTACCG_ET27a_M1,3.43E-05,2.962064784,TRUE,G1,0.651041667,0.348958333,0,0
CTCAGTCGTCGGAACA-1_1,m1,1586,997,nb,0,0,0,0,0,0,2.413339184,FALSE,G1,0.713500785,0.237048666,0.049450549,0
CTCAGTCTCGCAATTG-1_1,m1,2314,1418,nb,0,0,0,0,0,0,2.564914503,FALSE,G1,0.750954927,0.244461421,0.004583652,0
CTCATTATCTGGTGCG-1_1,m1,22949,5513,nb,0,0,0,0,0,0,3.033352501,FALSE,G1,0.968054211,0.031945789,0,0
CTCCACATCGTTATCT-1_1,m1,11173,4062,nb,0,0,0,0,0,0,3.257411884,FALSE,G1,0.503067485,0.496932515,0,0
CTCCCAAAGTTGGGAC-1_1,m1,1526,959,nb,0,0,0,0,0,0,8.427876823,FALSE,G1,0.563424125,0.165758755,0.270817121,0
CTCCCTCCATAACCCA-1_1,m1,9871,3784,nb,0,0,0,0,0,0,5.244252874,FALSE,G2M,0.011867089,0.404272152,0.583860759,0
CTCCGATGTGATACAA-1_1,m1,2725,1417,nb,0,0,0,0,0,0,2.479000205,FALSE,G1,0.580409357,0.287280702,0.132309942,0
CTCCGATGTGCATTAC-1_1,m1,24231,5515,TCCAGTCTACTATCGTTACGACTACTACCG,0,0,0.033934706,1537.513668,TCCAGTCTACTATCGTTACGACTACTACCG_ET27a_M1,0.000982032,2.012902511,TRUE,G1,0.71787509,0.28212491,0,0
CTCTCAGCATGCGGTC-1_1,m1,10582,3847,TCCATCTACTATCGTTACTACTACCG,0.042624253,2454.986492,0.015264897,691.6219593,TCCATCTACTATCGTTACTACTACCG_ET27a_M1,0.000324676,2.207986068,TRUE,G1,0.889679715,0.110320285,0,0.736308151
CTCTCAGTCCGGTTCT-1_1,m1,10503,3959,nb,0,0,0,0,0,0,1.666775181,FALSE,G1,0.518172378,0.481827622,0,0
CTCTCAGTCCTCTCTT-1_1,m1,13823,4021,nb,0,0,0,0,0,0,3.574559268,FALSE,G1,0.998003992,0.000998004,0.000998004,0
CTCTCGATCCTGTTGC-1_1,m1,9282,3715,TCCAGACTATCGTTACGCTACTACCG,0.106889906,6156.431054,0.045550183,2063.787693,TCCAGACTATCGTTACGCTACTACCG_ET27a_M1,0.000364859,3.075948476,TRUE,G1,0.812347685,0.187652315,0,0.701192886
CTCTGGTGTCCATACA-1_1,m1,12991,4499,nb,0,0,0,0,0,0,2.668696093,FALSE,G1,0.745712155,0.254287845,0,0
CTGAATGGTAGCTGAG-1_1,m1,13914,4236,TCCACTATCGTTACGACCG,0.213246966,12282.17225,0.163466803,7406.353921,TCCACTATCGTTACGACCG_ET27a_M1,0,4.500938546,TRUE,G1,0.968992248,0.031007752,0,0.5660716
CTGAGCGCAAACTCTG-1_1,m1,4565,2313,nb,0,0,0,0,0,0,8.127652885,FALSE,G1,0.937911571,0.018814675,0.043273754,0
CTGAGGCCAGTTAGAA-1_1,m1,9712,3658,nb,0,0,0,0,0,0,2.612062742,FALSE,G1,0.911577028,0.088422972,0,0
CTGCAGGAGGTACTGG-1_1,m1,5263,2623,TCCAGTCGTTACGACTAGCTACTACCG,0,0,0,0,TCCAGTCGTTACGACTAGCTACTACCG_ET27a_M1,0.000282822,4.206339641,TRUE,G1,0.877644894,0.103035879,0.019319227,0
CTGCAGGCATAGATCC-1_1,m1,5591,2738,nb,0,0,0,0,0,0,3.444493199,FALSE,G1,0.931966449,0.066169618,0.001863933,0
CTGCGAGTCATGTCTT-1_1,m1,23217,5279,nb,0,0,0,0,0,0,2.423910537,FALSE,G1,0.954990215,0.04109589,0.003913894,0
CTGGACGAGCACGATG-1_1,m1,7662,3108,TCCACTATCGTTACGACCG,0.213246966,12282.17225,0.163466803,7406.353921,TCCACTATCGTTACGACCG_ET27a_M1,0,2.559537058,TRUE,G1,0.973709834,0.026290166,0,0.5660716
CTGGACGGTAGATGTA-1_1,m1,802,548,nb,0,0,0,0,0,0,8.382526564,FALSE,G2M,0.319890009,0.052245646,0.627864345,0
CTGGACGTCATTGCCC-1_1,m1,26551,5781,nb,0,0,0,0,0,0,3.458213256,FALSE,G2M,0.007936508,0,0.992063492,0
CTGGTCTAGTGCACAG-1_1,m1,4028,1786,nb,0,0,0,0,0,0,1.590568862,FALSE,G1,0.644772118,0.105898123,0.249329759,0
CTGGTCTTCGCCGATG-1_1,m1,8886,3586,nb,0,0,0,0,0,0,4.345344856,FALSE,G1,0.827129859,0.172870141,0,0
CTGGTCTTCTTCTGGC-1_1,m1,20613,5083,nb,0,0,0,0,0,0,3.560909519,FALSE,G2M,0.00501002,0.001002004,0.993987976,0
CTGTACCCAAATTGGA-1_1,m1,19855,4760,TCCAGTACTACTATCGTTACGATAGCTACTACCG,0.047519394,2736.927027,0.101627064,4604.51903,TCCAGTACTACTATCGTTACGATAGCTACTACCG_ET27a_M1,0.000109857,1.839905207,TRUE,G1,0.888888889,0.110200364,0.000910747,0.318608934
CTGTACCGTCTGCGCA-1_1,m1,5370,2779,nb,0,0,0,0,0,0,6.57048769,FALSE,G1,0.663527397,0.047089041,0.289383562,0
CTGTCGTAGATGGCAC-1_1,m1,3735,2102,nb,0,0,0,0,0,0,9.582790091,FALSE,G1,0.47093403,0.497060745,0.032005225,0
CTGTCGTCACACAGAG-1_1,m1,6147,2857,TCCACTATCGTTACGACCG,0.213246966,12282.17225,0.163466803,7406.353921,TCCACTATCGTTACGACCG_ET27a_M1,0,3.841425937,TRUE,G1,0.845957447,0.154042553,0,0.5660716
CTTACCGCAGCTGAGA-1_1,m1,22296,5327,TCCAGTCTACTATCGTTACGACGCTACTACCG,0.158896862,9151.823654,0.136863945,6201.031621,TCCAGTCTACTATCGTTACGACGCTACTACCG_ET27a_M1,0.00252242,4.578186597,TRUE,G1,0.710732054,0.289267946,0,0.537247865
CTTACCGGTTTACCAG-1_1,m1,3094,1626,nb,0,0,0,0,0,0,3.578472809,FALSE,G1,0.671787709,0.252094972,0.076117318,0
CTTACCGTCCAACCGG-1_1,m1,6796,3148,TCCACTATCGTTACGACCG,0.213246966,12282.17225,0.163466803,7406.353921,TCCACTATCGTTACGACCG_ET27a_M1,0,2.729215229,TRUE,G1,0.951474786,0.048525214,0,0.5660716
CTTAGGATCAACGTGT-1_1,m1,5246,2607,TCCCTACTATCGTTACGAAAGCTACTACCG,0,0,0,0,TCCCTACTATCGTTACGAAAGCTACTACCG_ET27a_M1,8.22E-06,3.804005542,TRUE,G1,0.577960141,0.421453693,0.000586166,0
CTTCAATAGAATCCCT-1_1,m1,37820,4426,nb,0,0,0,0,0,0,1.419236984,FALSE,G2M,0,0.051379638,0.948620362,0
CTTCCGAAGCGAGTCA-1_1,m1,8288,3567,nb,0,0,0,0,0,0,5.188271362,FALSE,G1,0.911415525,0.088584475,0,0
CTTCTAAGTCTGCCTT-1_1,m1,5181,2637,TCCACTATCGTTACGACCG,0.213246966,12282.17225,0.163466803,7406.353921,TCCACTATCGTTACGACCG_ET27a_M1,0,5.840435937,TRUE,G1,0.95389049,0.04418828,0.00192123,0.5660716
CTTCTCTCACCGTGAC-1_1,m1,9953,3959,nb,0,0,0,0,0,0,4.608127721,FALSE,G1,0.609413203,0.390586797,0,0
CTTGAGAGTCCGAAAG-1_1,m1,17439,4221,nb,0,0,0,0,0,0,1.812476583,FALSE,G2M,0.169177289,0.011587486,0.819235226,0
CTTGATTCACGCTATA-1_1,m1,14290,4141,TCCAGTACTACTATCGTTACGATAGCTACTACCG,0.047519394,2736.927027,0.101627064,4604.51903,TCCAGTACTACTATCGTTACGATAGCTACTACCG_ET27a_M1,0.000109857,2.034932308,TRUE,G1,0.769230769,0.230769231,0,0.318608934
CTTGATTTCAAACCTG-1_1,m1,3654,1829,nb,0,0,0,0,0,0,2.439834025,FALSE,G1,0.711409396,0.278150634,0.01043997,0
CTTGATTTCACACCGG-1_1,m1,4655,2203,nb,0,0,0,0,0,0,5.914385116,FALSE,G1,0.603988604,0.032763533,0.363247863,0
CTTTCAAGTTAAACCC-1_1,m1,11058,4071,nb,0,0,0,0,0,0,2.462785913,FALSE,G1,0.984251969,0.015748031,0,0
CTTTCGGTCAAGGAGC-1_1,m1,16649,4752,nb,0,0,0,0,0,0,2.481970232,FALSE,G1,0.784313725,0.215686275,0,0
GAACACTAGAACGCGT-1_1,m1,13638,4548,TCCAGTACTACTATCGTTACGATAGCTACTACCG,0.047519394,2736.927027,0.101627064,4604.51903,TCCAGTACTACTATCGTTACGATAGCTACTACCG_ET27a_M1,0.000109857,3.06337354,TRUE,G1,0.843881857,0.156118143,0,0.318608934
GAACGTTCACGGAAGT-1_1,m1,2008,1191,nb,0,0,0,0,0,0,1.297648013,FALSE,G1,0.539375,0.0475,0.413125,0
GAAGCCCCAATACGAA-1_1,m1,5322,2695,nb,0,0,0,0,0,0,3.186773691,FALSE,G1,0.517708333,0.482291667,0,0
GAAGCGAAGCTCTTCC-1_1,m1,4145,1773,nb,0,0,0,0,0,0,1.935821416,FALSE,G1,0.68107725,0.315379164,0.003543586,0
GAAGCGAAGGCCCACT-1_1,m1,18896,3058,nb,0,0,0,0,0,0,1.057062675,FALSE,G1,0.703735882,0,0.296264118,0
GAAGGACAGCCACCGT-1_1,m1,6722,2914,TCCACTATCGTTACGACCG,0.213246966,12282.17225,0.163466803,7406.353921,TCCACTATCGTTACGACCG_ET27a_M1,0,3.251414576,TRUE,G1,0.876424189,0.123575811,0,0.5660716
GAAGGGTGTGGATTTC-1_1,m1,6193,2888,nb,0,0,0,0,0,0,3.879765678,FALSE,G1,0.979431929,0.020568071,0,0
GAATAGAAGAAGGATG-1_1,m1,6260,2776,nb,0,0,0,0,0,0,2.800628524,FALSE,G1,0.807754443,0.192245557,0,0
GAATAGAGTCACTCAA-1_1,m1,6257,3027,nb,0,0,0,0,0,0,3.727698595,FALSE,G1,0.940733772,0.058325494,0.000940734,0
GAATCACCAAGGCAAC-1_1,m1,15980,4353,nb,0,0,0,0,0,0,2.290134512,FALSE,G1,0.961206897,0.032327586,0.006465517,0
GAATCACGTTTACTTC-1_1,m1,7778,3476,nb,0,0,0,0,0,0,5.145272055,FALSE,G1,0.781572677,0.218427323,0,0
GACACGCCACAATGTC-1_1,m1,8927,3770,TCCAGTCTATCGTTACGACTAGCTACTACCG,0,0,0,0,TCCAGTCTATCGTTACGACTAGCTACTACCG_ET27a_M1,0.000433007,2.916034744,TRUE,G1,0.51720487,0.48279513,0,0
GACCAATAGATGTTAG-1_1,m1,8360,3365,nb,0,0,0,0,0,0,3.745619159,FALSE,G1,0.709723208,0.290276792,0,0
GACCCTTCACAGCTGC-1_1,m1,13881,4432,TCCAGTCGTTACCG,0,0,0,0,TCCAGTCGTTACCG_ET27a_M1,0,2.252962417,TRUE,G1,0.649538867,0.350461133,0,0
GACGCTGGTCCTGTCT-1_1,m1,5290,2619,nb,0,0,0,0,0,0,3.667785652,FALSE,G1,0.730263158,0.269005848,0.000730994,0
GACTCAACAACCACAT-1_1,m1,3278,1922,nb,0,0,0,0,0,0,5.259295499,FALSE,G1,0.51554664,0.32998997,0.15446339,0
GACTCAACACGCTGCA-1_1,m1,11934,3947,TCCAGTAGCTATCGTTACTACCG,0,0,0.02242188,1015.890544,TCCAGTAGCTATCGTTACTACCG_ET27a_M1,4.62E-05,2.721488008,TRUE,G1,0.820344545,0.179655455,0,0
GACTCAATCGGCTATA-1_1,m1,7258,3249,nb,0,0,0,0,0,0,3.799296092,FALSE,G1,0.991080278,0.005946482,0.002973241,0
GACTCAATCTAAGAAG-1_1,m1,7437,2250,nb,0,0,0,0,0,0,5.429480382,FALSE,G1,0.94952381,0.043809524,0.006666667,0
GACTGATCAGAACGCA-1_1,m1,22837,5196,nb,0,0,0,0,0,0,2.846570713,FALSE,G1,0.760441292,0.239558708,0,0
GAGACCCGTGATAGAT-1_1,m1,6271,3023,nb,0,0,0,0,0,0,5.33076429,FALSE,G1,0.558343057,0.440490082,0.001166861,0
GAGACTTGTGGCGCTT-1_1,m1,5196,2530,nb,0,0,0,0,0,0,7.12924738,FALSE,G1,0.971762415,0.028237585,0,0
GAGAGGTTCAATCCAG-1_1,m1,9369,3980,nb,0,0,0,0,0,0,4.372781512,FALSE,G1,0.829875519,0.170124481,0,0
GAGCTGCTCGAGCACC-1_1,m1,13497,4290,TCCAGTAGCTATCGTTACTACCG,0,0,0.02242188,1015.890544,TCCAGTAGCTATCGTTACTACCG_ET27a_M1,4.62E-05,2.376658806,TRUE,G1,0.600362757,0.399637243,0,0
GAGGCAACAATAGAGT-1_1,m1,11549,4128,TCCATCTACTATCGGTAGCTACTACCG,0.02498613,1439.101122,0.019731372,893.988999,TCCATCTACTATCGGTAGCTACTACCG_ET27a_M1,0.000320244,2.843253632,TRUE,G1,0.968932039,0.031067961,0,0.558755049
GAGGCAACATGCCATA-1_1,m1,20431,5328,TCCAGCGTTGCTACTACCG,0,0,0,0,TCCAGCGTTGCTACTACCG_ET27a_M1,0,2.406888681,TRUE,G2M,0,0.003984064,0.996015936,0
GAGGCCTAGGCCTAAG-1_1,m1,6738,2963,TCCAGTACTATCGTTACGACGTAGCTACTACCG,0.093997789,5413.896637,0.079863848,3618.471238,TCCAGTACTATCGTTACGACGTAGCTACTACCG_ET27a_M1,0.00144722,3.320131457,TRUE,G1,0.977272727,0.022727273,0,0.540647095
GAGGGATGTCCCACGA-1_1,m1,14869,4387,TCCAGTACTACTATCGTTACGATAGCTACTACCG,0.047519394,2736.927027,0.101627064,4604.51903,TCCAGTACTACTATCGTTACGATAGCTACTACCG_ET27a_M1,0.000109857,4.01667602,TRUE,G1,0.73964497,0.26035503,0,0.318608934
GAGGGTACACTCGATA-1_1,m1,5781,2563,nb,0,0,0,0,0,0,5.365402405,FALSE,S,0.241678726,0.58683068,0.171490593,0
GAGTCTAAGCTCGGCT-1_1,m1,7452,3308,nb,0,0,0,0,0,0,3.755227447,FALSE,G1,0.691085003,0.308914997,0,0
GAGTCTAAGGAGACCT-1_1,m1,28881,5316,TCCAGTACTACTATCGTTACGATAGCTACTACCG,0.047519394,2736.927027,0.101627064,4604.51903,TCCAGTACTACTATCGTTACGATAGCTACTACCG_ET27a_M1,0.000109857,1.174252748,TRUE,G1,0.936732767,0.063267233,0,0.318608934
GAGTCTAGTTCTGACA-1_1,m1,8504,3404,nb,0,0,0,0,0,0,2.801858659,FALSE,G1,0.675675676,0.324324324,0,0
GAGTGAGGTGCTATTG-1_1,m1,30856,5853,nb,0,0,0,0,0,0,2.950366006,FALSE,G2M,0.091397849,0.03655914,0.872043011,0
GAGTGAGTCGCTTACC-1_1,m1,19407,5198,nb,0,0,0,0,0,0,5.370909091,FALSE,G1,0.667556742,0.332443258,0,0
GAGTGTTGTCCCTAAA-1_1,m1,14234,4178,nb,0,0,0,0,0,0,4.352982518,FALSE,G2M,0,0.013806706,0.986193294,0
GAGTTACAGCTGAAAT-1_1,m1,6735,3041,nb,0,0,0,0,0,0,4.196697382,FALSE,G1,0.92630597,0.066231343,0.007462687,0
GAGTTACTCCTAACAG-1_1,m1,9390,3877,nb,0,0,0,0,0,0,5.358173275,FALSE,G1,0.582750583,0.417249417,0,0
GAGTTTGCATAGATCC-1_1,m1,4034,2186,nb,0,0,0,0,0,0,3.97574124,FALSE,G1,0.975609756,0.015609756,0.008780488,0
GATAGCTCATCCGATA-1_1,m1,20011,4875,TCCACTATCGTTACGACCG,0.213246966,12282.17225,0.163466803,7406.353921,TCCACTATCGTTACGACCG_ET27a_M1,0,2.224663554,TRUE,G1,0.981152993,0.006651885,0.012195122,0.5660716
GATAGCTGTATGAGCG-1_1,m1,19842,5160,nb,0,0,0,0,0,0,4.200429965,FALSE,G2M,0,0.014314928,0.985685072,0
GATCACAAGCAGAAAG-1_1,m1,10450,3699,TCCATCTACTATCGGTAGCTACTACCG,0.02498613,1439.101122,0.019731372,893.988999,TCCATCTACTATCGGTAGCTACTACCG_ET27a_M1,0.000320244,2.073893343,TRUE,G1,0.731174699,0.268072289,0.000753012,0.558755049
GATCATGTCCGCGGAT-1_1,m1,7824,3540,nb,0,0,0,0,0,0,8.37376081,FALSE,G1,0.791739895,0.179261863,0.028998243,0
GATGAGGAGAAAGTCT-1_1,m1,7924,3338,TCCAGACTATCGTTACGCTACTACCG,0.106889906,6156.431054,0.045550183,2063.787693,TCCAGACTATCGTTACGCTACTACCG_ET27a_M1,0.000364859,2.208559178,TRUE,G1,0.840336134,0.159663866,0,0.701192886
GATGAGGAGAATAGTC-1_1,m1,2393,1334,nb,0,0,0,0,0,0,7.015082427,FALSE,G1,0.716996047,0.107509881,0.175494071,0
GATGATCGTGGATTTC-1_1,m1,8324,3529,nb,0,0,0,0,0,0,4.911962518,FALSE,G1,0.767513472,0.224788299,0.007698229,0
GATGATCTCTCCGAAA-1_1,m1,20166,4837,nb,0,0,0,0,0,0,1.819474518,FALSE,G1,0.962463908,0.037536092,0,0
GATTCGATCATGCCCT-1_1,m1,16963,4937,TCCAGTCTACTATCGTTACGACGCTACTACCG,0.158896862,9151.823654,0.136863945,6201.031621,TCCAGTCTACTATCGTTACGACGCTACTACCG_ET27a_M1,0.00252242,3.352306328,TRUE,G1,0.558659218,0.441340782,0,0.537247865
GATTGGTGTCGCACGT-1_1,m1,2266,1195,nb,0,0,0,0,0,0,7.658380112,FALSE,G1,0.76953125,0.22265625,0.0078125,0
GATTGGTGTGCTTATG-1_1,m1,10944,3909,nb,0,0,0,0,0,0,5.510056606,FALSE,G1,0.539673913,0.460326087,0,0
GATTTCTTCTCTCGCA-1_1,m1,8176,3562,TCCACTATCGTCTACTACCG,0,0,0,0,TCCACTATCGTCTACTACCG_ET27a_M1,3.43E-05,2.276867031,TRUE,G1,0.743494424,0.256505576,0,0
GCACATACAAACACGG-1_1,m1,3240,1653,nb,0,0,0,0,0,0,1.649175412,FALSE,G1,0.778649922,0.037676609,0.183673469,0
GCACATACAGCGGATA-1_1,m1,16265,4791,nb,0,0,0,0,0,0,2.866495992,FALSE,G1,0.909677419,0.083870968,0.006451613,0
GCACGGTGTAAGTTAG-1_1,m1,12695,4154,nb,0,0,0,0,0,0,2.851587816,FALSE,G1,0.678450034,0.321549966,0,0
GCACGTGTCTGGTTGA-1_1,m1,11864,3156,nb,0,0,0,0,0,0,2.486978211,FALSE,G1,0.977473066,0.000979432,0.021547502,0
GCAGCCATCGCATTGA-1_1,m1,17136,4360,nb,0,0,0,0,0,0,2.440842184,FALSE,G2M,0,0.002991027,0.997008973,0
GCAGCCATCTAGCATG-1_1,m1,9593,2799,nb,0,0,0,0,0,0,2.867585044,FALSE,G1,0.727409639,0.260542169,0.012048193,0
GCAGCTGTCGACGACC-1_1,m1,966,626,nb,0,0,0,0,0,0,9.221658206,FALSE,G2M,0.165185185,0.193333333,0.641481481,0
GCAGGCTCAGCAAGAC-1_1,m1,31666,5670,nb,0,0,0,0,0,0,2.665672885,FALSE,G2M,0.085443038,0.025316456,0.889240506,0
GCATCGGGTCGCTTGG-1_1,m1,14996,4643,nb,0,0,0,0,0,0,2.569309553,FALSE,G1,0.968054211,0.031945789,0,0
GCATTAGGTGCGTTTA-1_1,m1,3345,1882,nb,0,0,0,0,0,0,7.144456887,FALSE,G1,0.576368876,0.423631124,0,0
GCATTAGTCCTCATAT-1_1,m1,31911,5230,nb,0,0,0,0,0,0,2.293963255,FALSE,G2M,0.052071006,0.218934911,0.728994083,0
GCCAGGTTCACCGGTG-1_1,m1,24905,5612,nb,0,0,0,0,0,0,2.614777333,FALSE,G1,0.957854406,0.042145594,0,0
GCCAGTGGTGACATCT-1_1,m1,5528,2771,nb,0,0,0,0,0,0,5.954068614,FALSE,G1,0.732229796,0.257059396,0.010710808,0
GCCATTCCACTACAGT-1_1,m1,4166,2274,TCCTCTACTATCGTTACGACGCTACTACCG,0.136578591,7866.380534,0.055431611,2511.49544,TCCTCTACTATCGTTACGACGCTACTACCG_ET27a_M1,0.000280136,6.293266205,TRUE,G1,0.820809249,0.170933113,0.008257638,0.711309032
GCCATTCTCTAAGCCA-1_1,m1,2430,1225,nb,0,0,0,0,0,0,7.518087449,FALSE,G1,0.635678392,0.271356784,0.092964824,0
GCCCGAACACAACGAG-1_1,m1,814,594,nb,0,0,0,0,0,0,8.559498956,FALSE,G2M,0.002830856,0.329794763,0.667374381,0
GCCCGAAGTCTCCCTA-1_1,m1,18433,5290,TCCAGTCTACTATCGTTACGACGCTACTACCG,0.158896862,9151.823654,0.136863945,6201.031621,TCCAGTCTACTATCGTTACGACGCTACTACCG_ET27a_M1,0.00252242,3.779941657,TRUE,G1,0.909918107,0.090081893,0,0.537247865
GCCCGAAGTGTTAAAG-1_1,m1,10189,3651,nb,0,0,0,0,0,0,7.934336525,FALSE,G1,0.585137507,0.414862493,0,0
GCCGATGAGGTGTGAC-1_1,m1,24274,5509,nb,0,0,0,0,0,0,2.992867332,FALSE,G1,0.760043431,0.225841477,0.014115092,0
GCCGATGAGTCACAGG-1_1,m1,30870,5901,nb,0,0,0,0,0,0,2.236652237,FALSE,G2M,0.162191192,0.006444683,0.831364125,0
GCCGTGAAGCGCTGAA-1_1,m1,9172,3576,nb,0,0,0,0,0,0,3.415816872,FALSE,G1,0.914913083,0.085086917,0,0
GCCGTGAGTTACAGCT-1_1,m1,3685,1823,nb,0,0,0,0,0,0,1.926782274,FALSE,G1,0.816793893,0.145038168,0.038167939,0
GCGATCGGTATCGTAC-1_1,m1,29233,6349,nb,0,0,0,0,0,0,4.6924437,FALSE,G1,0.997008973,0.002991027,0,0
GCGGATCAGCAGTACG-1_1,m1,7845,3521,nb,0,0,0,0,0,0,3.347794057,FALSE,G1,0.780031201,0.219968799,0,0
GCGGATCGTCCAGCAC-1_1,m1,19065,5098,nb,0,0,0,0,0,0,3.194191079,FALSE,G1,0.968911917,0.005181347,0.025906736,0
GCGGATCTCCGTGTGG-1_1,m1,7676,3486,nb,0,0,0,0,0,0,3.644219795,FALSE,G1,0.701262272,0.298737728,0,0
GCTACAATCCCTGGTT-1_1,m1,7457,3275,nb,0,0,0,0,0,0,3.401713841,FALSE,G1,0.954198473,0.045801527,0,0
GCTCAAACATCTTAGG-1_1,m1,10267,3792,TCCATCTACTATCGGTAGCTACTACCG,0.02498613,1439.101122,0.019731372,893.988999,TCCATCTACTATCGGTAGCTACTACCG_ET27a_M1,0.000320244,3.761851989,TRUE,G1,0.661981258,0.338018742,0,0.558755049
GCTGAATGTGGTCCGT-1_1,m1,5567,2751,nb,0,0,0,0,0,0,3.882667965,FALSE,G1,0.498178032,0.485684539,0.016137428,0
GCTGCAGGTAGGTACG-1_1,m1,7633,3301,nb,0,0,0,0,0,0,6.515627584,FALSE,G1,0.664451827,0.335548173,0,0
GCTTTCGCAAGCGAGT-1_1,m1,14469,4563,TCCACTATCGTTACGACCG,0.213246966,12282.17225,0.163466803,7406.353921,TCCACTATCGTTACGACCG_ET27a_M1,0,5.162075259,TRUE,G1,0.899280576,0.100719424,0,0.5660716
GCTTTCGTCAACCTCC-1_1,m1,10767,4097,TCCACTATCGTTACGACCG,0.213246966,12282.17225,0.163466803,7406.353921,TCCACTATCGTTACGACCG_ET27a_M1,0,3.574217577,TRUE,G1,0.568965517,0.431034483,0,0.5660716
GGAACCCTCCACCCTA-1_1,m1,32658,5394,nb,0,0,0,0,0,0,2.063837673,FALSE,G1,0.644506648,0.355493352,0,0
GGAACCCTCTGCGAGC-1_1,m1,19863,4728,TCCACTATCGTTACGACCG,0.213246966,12282.17225,0.163466803,7406.353921,TCCACTATCGTTACGACCG_ET27a_M1,0,5.653002552,TRUE,G1,0.714475432,0.088977424,0.196547145,0.5660716
GGAATCTGTTCTTAGG-1_1,m1,14991,4625,TCCAGTCTACTATCGTTACGACGCTACTACCG,0.158896862,9151.823654,0.136863945,6201.031621,TCCAGTCTACTATCGTTACGACGCTACTACCG_ET27a_M1,0.00252242,2.056882821,TRUE,G1,0.878571429,0.029761905,0.091666667,0.537247865
GGACGTCAGTGTTGTC-1_1,m1,1208,811,nb,0,0,0,0,0,0,6.349206349,FALSE,G1,0.805624483,0.140612076,0.053763441,0
GGAGAACAGTAGTCCT-1_1,m1,5357,2602,nb,0,0,0,0,0,0,2.493910219,FALSE,G1,0.827129859,0.172870141,0,0
GGAGAACTCATTATCC-1_1,m1,6348,3051,nb,0,0,0,0,0,0,8.8,FALSE,G1,0.851721094,0.104148279,0.044130627,0
GGAGATGCAAAGCGTG-1_1,m1,10437,3684,nb,0,0,0,0,0,0,8.755447394,FALSE,G1,0.956937799,0.043062201,0,0
GGAGATGGTTAGGACG-1_1,m1,6568,3070,nb,0,0,0,0,0,0,3.190400893,FALSE,G1,0.790513834,0.209486166,0,0
GGAGGATGTAGCGTTT-1_1,m1,11644,3986,nb,0,0,0,0,0,0,4.371002132,FALSE,G1,0.951474786,0.048525214,0,0
GGAGGATGTGGTAACG-1_1,m1,10766,3953,TCCAGTACTATCGTTACGAGCTACTACCG,0.095137853,5479.559764,0.150158716,6803.391089,TCCAGTACTATCGTTACGAGCTACTACCG_ET27a_M1,0.00156015,2.954403142,TRUE,G1,0.951474786,0.048525214,0,0.387848283
GGCAGTCTCGTGGCGT-1_1,m1,5811,2786,nb,0,0,0,0,0,0,5.09850617,FALSE,G1,0.808752026,0.190437601,0.000810373,0
GGCTTGGCAGCTCTGG-1_1,m1,7801,3359,TCCAGTACTATCGTTACTACCG,0.076118952,4384.147161,0.134129873,6077.156301,TCCAGTACTATCGTTACTACCG_ET27a_M1,0.000317684,2.989021556,TRUE,G1,0.854700855,0.145299145,0,0.362042223
GGGAAGTTCACCGGTG-1_1,m1,4075,1880,nb,0,0,0,0,0,0,2.223073975,FALSE,G1,0.676816609,0.276816609,0.046366782,0
GGGACAACAAGTATAG-1_1,m1,18831,5081,nb,0,0,0,0,0,0,1.893338254,FALSE,G1,0.905945946,0.073513514,0.020540541,0
GGGACTCAGAACAAGG-1_1,m1,7823,3404,nb,0,0,0,0,0,0,4.555790158,FALSE,G1,0.960614793,0.039385207,0,0
GGGAGATCACCTCGTT-1_1,m1,12085,4207,TCCAGACTATCGTTACGCTACTACCG,0.106889906,6156.431054,0.045550183,2063.787693,TCCAGACTATCGTTACGCTACTACCG_ET27a_M1,0.000364859,2.728491021,TRUE,G1,0.651011089,0.348988911,0,0.701192886
GGGAGATCAGACCAGA-1_1,m1,9308,3361,nb,0,0,0,0,0,0,3.235221063,FALSE,G1,0.919963201,0.080036799,0,0
GGGAGTAGTACGGCAA-1_1,m1,5743,2952,nb,0,0,0,0,0,0,4.791777896,FALSE,G1,0.648224044,0.349726776,0.00204918,0
GGGCTACCAGGAGGAG-1_1,m1,3210,1712,nb,0,0,0,0,0,0,2.33669676,FALSE,G1,0.779327317,0.100082034,0.120590648,0
GGGCTCAGTAGGAAAG-1_1,m1,6215,2958,TCCAGTACTATCGTTACGAGCTACTACCG,0.095137853,5479.559764,0.150158716,6803.391089,TCCAGTACTATCGTTACGAGCTACTACCG_ET27a_M1,0.00156015,3.116756229,TRUE,G1,0.928505107,0.071494893,0,0.387848283
GGGTAGAAGACATACA-1_1,m1,8820,3587,TCCAGTCGTTACGAGCTACTACCG,0.001596309,91.94101443,0.000730495,33.09726017,TCCAGTCGTTACGAGCTACTACCG_ET27a_M1,0.00030996,3.773584906,TRUE,G1,0.540540541,0.459459459,0,0.686052199
GGGTATTCACTCATAG-1_1,m1,18380,4800,TCCACTATCGTTACGACCG,0.213246966,12282.17225,0.163466803,7406.353921,TCCACTATCGTTACGACCG_ET27a_M1,0,4.091174752,TRUE,G1,0.884173298,0.115826702,0,0.5660716
GGGTATTTCGATTTCT-1_1,m1,6749,2981,TCCAGTCGTTACGAGCTACTACCG,0.001596309,91.94101443,0.000730495,33.09726017,TCCAGTCGTTACGAGCTACTACCG_ET27a_M1,0.00030996,5.189653748,TRUE,G1,0.552486188,0.447513812,0,0.686052199
GGGTCTGAGATGTTGA-1_1,m1,30059,5208,nb,0,0,0,0,0,0,1.797235023,FALSE,G1,0.970645793,0.029354207,0,0
GGGTGAACAATTGAGA-1_1,m1,4102,1928,nb,0,0,0,0,0,0,2.215839146,FALSE,G1,0.765258216,0.215179969,0.019561815,0
GGGTTTATCACGATCA-1_1,m1,32552,5764,nb,0,0,0,0,0,0,1.972682634,FALSE,G1,0.837426901,0.134502924,0.028070175,0
GGTAATCAGGAGATAG-1_1,m1,7463,3395,nb,0,0,0,0,0,0,3.893534754,FALSE,G1,0.705673759,0.294326241,0,0
GGTCTGGCAAAGGAGA-1_1,m1,11233,4176,nb,0,0,0,0,0,0,4.019836639,FALSE,G1,0.508102457,0.491897543,0,0
GGTCTGGGTCTAATCG-1_1,m1,28682,5700,nb,0,0,0,0,0,0,2.245167487,FALSE,G2M,0.163319946,0.013386881,0.823293173,0
GGTGATTTCGTTATCT-1_1,m1,19275,2430,nb,0,0,0,0,0,0,1.253658537,FALSE,G1,0.591474245,0.407341622,0.001184133,0
GGTGGCTGTACTGCCG-1_1,m1,4649,2402,nb,0,0,0,0,0,0,9.466019417,FALSE,G1,0.516245487,0.474729242,0.009025271,0
GGTGTTACACGCAAAG-1_1,m1,612,486,nb,0,0,0,0,0,0,4.653567735,FALSE,G2M,0.187153931,0.15503876,0.657807309,0
GGTTAACTCATTCTTG-1_1,m1,22698,5447,TCCAGTCTACTATCGTTACGACTACTACCG,0,0,0.033934706,1537.513668,TCCAGTCTACTATCGTTACGACTACTACCG_ET27a_M1,0.000982032,3.097748646,TRUE,G2M,0.002997003,0.011988012,0.985014985,0
GTAACACAGAGTTGCG-1_1,m1,2284,1278,nb,0,0,0,0,0,0,3.720765415,FALSE,G1,0.4355356,0.148813342,0.415651058,0
GTAACACTCATGAGAA-1_1,m1,5537,2650,TCCTATCGTTACGCTACTACCG,0.00077455,44.61097246,0.029400266,1332.067243,TCCTATCGTTACGCTACTACCG_ET27a_M1,0.000202963,4.339430894,TRUE,G1,0.770239013,0.229760987,0,0.025668756
GTAACCAGTCTTCATT-1_1,m1,15945,4894,TCCAGTACTACTATCGGGTAGCTACTACCG,0,0,0,0,TCCAGTACTACTATCGGGTAGCTACTACCG_ET27a_M1,0,2.67708416,TRUE,G2M,0,0.008919722,0.991080278,0
GTAACCATCCGAGGCT-1_1,m1,25059,5243,nb,0,0,0,0,0,0,1.950731845,FALSE,G1,0.801699717,0.194523135,0.003777148,0
GTAAGTCGTGCATGTT-1_1,m1,2027,1235,nb,0,0,0,0,0,0,6.262904336,FALSE,S,0.379047619,0.607619048,0.013333333,0
GTAATGCTCCTTATGT-1_1,m1,10497,3973,nb,0,0,0,0,0,0,2.607135994,FALSE,G1,0.734363503,0.265636497,0,0
GTAATGCTCTAGGCCG-1_1,m1,30584,4451,nb,0,0,0,0,0,0,2.046377706,FALSE,S,0.452339688,0.06932409,0.478336222,0
GTACAACCATCTAACG-1_1,m1,14174,3291,nb,0,0,0,0,0,0,1.951133767,FALSE,G1,0.971707317,0.025365854,0.002926829,0
GTAGAAAGTTCGGTTA-1_1,m1,37582,4739,nb,0,0,0,0,0,0,1.168318608,FALSE,G2M,0.040235525,0.007850834,0.951913641,0
GTAGAGGCACTCATAG-1_1,m1,15037,4528,nb,0,0,0,0,0,0,2.537915315,FALSE,G1,0.756360833,0.243639167,0,0
GTAGAGGCATTGTGCA-1_1,m1,17487,5125,nb,0,0,0,0,0,0,3.10766721,FALSE,G1,0.641848524,0.358151476,0,0
GTAGAGGGTGGCCTCA-1_1,m1,3403,1932,nb,0,0,0,0,0,0,5.83908046,FALSE,G1,0.70263789,0.278976819,0.018385292,0
GTAGATCCACGGCGTT-1_1,m1,16849,4739,TCCACTATCGTTACGACCG,0.213246966,12282.17225,0.163466803,7406.353921,TCCACTATCGTTACGACCG_ET27a_M1,0,3.708874132,TRUE,G2M,0,0.015794669,0.984205331,0.5660716
GTAGCTAGTCCAGCCA-1_1,m1,11704,4288,nb,0,0,0,0,0,0,2.469270691,FALSE,G1,0.552181115,0.447818885,0,0
GTAGGAGCATCCGCGA-1_1,m1,8087,3471,nb,0,0,0,0,0,0,3.361735089,FALSE,G1,0.773993808,0.226006192,0,0
GTAGGTTCAGCTATAC-1_1,m1,7804,3343,TCCAGTCTACTACCG,0,0,0,0,TCCAGTCTACTACCG_ET27a_M1,0,2.635560156,TRUE,G1,0.843881857,0.156118143,0,0
GTAGGTTGTATGCGTT-1_1,m1,2759,1445,nb,0,0,0,0,0,0,4.154809334,FALSE,G1,0.687631027,0.102725367,0.209643606,0
GTAGTACAGACTCTAC-1_1,m1,14163,4304,nb,0,0,0,0,0,0,2.874793268,FALSE,G1,0.702412869,0.262734584,0.034852547,0
GTAGTACAGTCTTCGA-1_1,m1,6427,3000,nb,0,0,0,0,0,0,4.953490978,FALSE,G1,0.536309844,0.463690156,0,0
GTAGTACGTCCAAGAG-1_1,m1,14301,4555,nb,0,0,0,0,0,0,2.999825845,FALSE,G1,0.57208238,0.42791762,0,0
GTATTTCCAATTCTTC-1_1,m1,7480,3272,nb,0,0,0,0,0,0,6.929962167,FALSE,G1,0.780388979,0.214748784,0.004862237,0
GTATTTCGTGGTTTGT-1_1,m1,9056,3756,TCCAGTCGTTACGAGCTACTACCG,0.001596309,91.94101443,0.000730495,33.09726017,TCCAGTCGTTACGAGCTACTACCG_ET27a_M1,0.00030996,3.199597354,TRUE,G1,0.692041522,0.307958478,0,0.686052199
GTCAAACGTTATCTGG-1_1,m1,20881,5011,TCCTCTACTATCGTTACGACGCTACTACCG,0.136578591,7866.380534,0.055431611,2511.49544,TCCTCTACTATCGTTACGACGCTACTACCG_ET27a_M1,0.000280136,2.169643692,TRUE,G1,0.821815154,0.178184846,0,0.711309032
GTCACGGAGTACGTCT-1_1,m1,6843,2947,nb,0,0,0,0,0,0,3.617654152,FALSE,G1,0.614250614,0.385749386,0,0
GTCATGATCTTGGGCG-1_1,m1,2229,1276,nb,0,0,0,0,0,0,3.991291727,FALSE,G1,0.638342697,0.258426966,0.103230337,0
GTCATTTAGTATGACA-1_1,m1,4116,1903,nb,0,0,0,0,0,0,3.818472611,FALSE,G1,0.791967871,0.053012048,0.15502008,0
GTCATTTGTATCTCGA-1_1,m1,1735,1080,nb,0,0,0,0,0,0,3.740648379,FALSE,G1,0.68329554,0.29478458,0.021919879,0
GTCATTTGTGTGTGTT-1_1,m1,4749,2418,nb,0,0,0,0,0,0,2.985265855,FALSE,G1,0.738359202,0.261640798,0,0
GTCCCATGTGCACGCT-1_1,m1,15996,4445,nb,0,0,0,0,0,0,2.191165654,FALSE,G2M,0.011650485,0.02815534,0.960194175,0
GTCGCGAAGGGCGAGA-1_1,m1,5812,2892,nb,0,0,0,0,0,0,2.8283611,FALSE,G1,0.737463127,0.262536873,0,0
GTCTGTCCACACCTAA-1_1,m1,1662,620,nb,0,0,0,0,0,0,2.214452214,FALSE,G2M,0,0.249812453,0.750187547,0
GTCTGTCGTTCCGCAG-1_1,m1,8873,2907,nb,0,0,0,0,0,0,1.623004322,FALSE,G1,0.701779359,0.091814947,0.206405694,0
GTCTGTCGTTGATGTC-1_1,m1,25031,5614,nb,0,0,0,0,0,0,2.861995538,FALSE,G2M,0,0.109723461,0.890276539,0
GTCTGTCTCGGTGTAT-1_1,m1,7982,3561,nb,0,0,0,0,0,0,2.690256907,FALSE,G1,0.546250684,0.452654625,0.001094691,0
GTCTGTCTCTCCGTGT-1_1,m1,17597,4673,TCCAGTAGCTATCGTTACTACCG,0,0,0.02242188,1015.890544,TCCAGTAGCTATCGTTACTACCG_ET27a_M1,4.62E-05,3.02232481,TRUE,G1,0.661579297,0.338420703,0,0
GTGAGGAGTAGAGATT-1_1,m1,2811,1508,nb,0,0,0,0,0,0,3.411390575,FALSE,G1,0.744647105,0.130055511,0.125297383,0
GTGATGTTCGGCATAT-1_1,m1,14004,4543,nb,0,0,0,0,0,0,3.442251393,FALSE,G1,0.874125874,0.125874126,0,0
GTGCACGCACCAGCCA-1_1,m1,19293,5185,TCCAGTCGTTACGACGTAGCTACTACCG,0.001892068,108.97556,0.022248061,1008.015156,TCCAGTCGTTACGACGTAGCTACTACCG_ET27a_M1,0.00093992,3.166442096,TRUE,G2M,0.015228426,0.016243655,0.968527919,0.078378537
GTGCACGTCAGTGTCA-1_1,m1,12901,4344,TCCAGTCTACTATCGTTACGAGCTACTACCG,0.002957377,170.3330843,0.040148574,1819.051613,TCCAGTCTACTATCGTTACGAGCTACTACCG_ET27a_M1,0.00234198,1.789203085,TRUE,G1,0.865961199,0.120811287,0.013227513,0.068607163
GTGCAGCAGTCATGGG-1_1,m1,10988,4072,TCCAGTACTATCGTTACGAGCTACTACCG,0.095137853,5479.559764,0.150158716,6803.391089,TCCAGTACTATCGTTACGAGCTACTACCG_ET27a_M1,0.00156015,3.088758086,TRUE,G1,0.912408759,0.087591241,0,0.387848283
GTGCAGCCACAGCCTG-1_1,m1,27075,3789,nb,0,0,0,0,0,0,1.235062215,FALSE,G2M,0.000984252,0.172244094,0.826771654,0
GTGCAGCCATATACCG-1_1,m1,18684,2984,nb,0,0,0,0,0,0,1.634891091,FALSE,G2M,0.039739884,0.292630058,0.667630058,0
GTGCGTGAGGCCTGCT-1_1,m1,5177,2701,nb,0,0,0,0,0,0,6.283213504,FALSE,G1,0.525931929,0.402755267,0.071312804,0
GTGCTGGGTGGATCAG-1_1,m1,19537,4987,nb,0,0,0,0,0,0,3.479535153,FALSE,G1,0.837338262,0.160813309,0.001848429,0
GTGCTTCCAGTCTACA-1_1,m1,4377,2437,nb,0,0,0,0,0,0,8.869784022,FALSE,G1,0.581161137,0.418838863,0,0
GTGCTTCGTCGCACGT-1_1,m1,684,531,nb,0,0,0,0,0,0,1.706827309,FALSE,G2M,0.009502924,0.292397661,0.698099415,0
GTGGTTACATCCGTGG-1_1,m1,7241,3297,TCCTATCGTTACGCTACTACCG,0.00077455,44.61097246,0.029400266,1332.067243,TCCTATCGTTACGCTACTACCG_ET27a_M1,0.000202963,3.351614869,TRUE,G1,0.553769401,0.446230599,0,0.025668756
GTGGTTATCGCAAGAG-1_1,m1,19250,5089,nb,0,0,0,0,0,0,2.797098754,FALSE,S,0.18875502,0.305220884,0.506024096,0
GTGGTTATCGCGGACT-1_1,m1,9743,3777,TCCACTATCGTTACGACCG,0.213246966,12282.17225,0.163466803,7406.353921,TCCACTATCGTTACGACCG_ET27a_M1,0,2.58442683,TRUE,G1,0.610873549,0.389126451,0,0.5660716
GTGTAACCACTCATAG-1_1,m1,3354,1927,TCCTACTATCGTTACGACCG,0,0,0,0,TCCTACTATCGTTACGACCG_ET27a_M1,4.70E-05,9.824223453,TRUE,G1,0.530892449,0.459191457,0.009916095,0
GTGTCCTGTAGGAGTC-1_1,m1,4941,2557,nb,0,0,0,0,0,0,7.721399307,FALSE,G1,0.642302717,0.357697283,0,0
GTGTGATAGCTGAAGC-1_1,m1,26178,5307,nb,0,0,0,0,0,0,2.589675858,FALSE,G1,0.777232581,0.103042198,0.119725221,0
GTGTGATTCTTCTAAC-1_1,m1,6434,2923,nb,0,0,0,0,0,0,4.59227881,FALSE,G1,0.954807692,0.025961538,0.019230769,0
GTGTTAGGTAACCCTA-1_1,m1,15581,4661,TCCAGTCTATCGTTACGACTAGCTACTACCG,0,0,0,0,TCCAGTCTATCGTTACGACTAGCTACTACCG_ET27a_M1,0.000433007,2.135100313,TRUE,G2M,0.090101523,0.133248731,0.776649746,0
GTTACAGGTTCGGCCA-1_1,m1,9001,2743,nb,0,0,0,0,0,0,3.454585377,FALSE,G1,0.924860853,0.072356215,0.002782931,0
GTTACGAGTCTCAGAT-1_1,m1,15604,4181,TCCTCTACTATCGTTACGACGCTACTACCG,0.136578591,7866.380534,0.055431611,2511.49544,TCCTCTACTATCGTTACGACGCTACTACCG_ET27a_M1,0.000280136,1.007510533,TRUE,G1,0.886438809,0.110253583,0.003307607,0.711309032
GTTAGACGTTGGACTT-1_1,m1,6290,2897,TCCATCTACTATCGGTAGCTACTACCG,0.02498613,1439.101122,0.019731372,893.988999,TCCATCTACTATCGGTAGCTACTACCG_ET27a_M1,0.000320244,3.466076696,TRUE,G1,0.801122694,0.198075381,0.000801925,0.558755049
GTTAGTGCACTAGAGG-1_1,m1,16540,4668,nb,0,0,0,0,0,0,2.467189532,FALSE,S,0.358465608,0.142857143,0.498677249,0
GTTATGGAGCCTGGAA-1_1,m1,9608,3594,nb,0,0,0,0,0,0,2.414314848,FALSE,G1,0.827759197,0.172240803,0,0
GTTATGGTCACCGGGT-1_1,m1,32116,5612,nb,0,0,0,0,0,0,2.739665496,FALSE,G1,0.676371022,0.323628978,0,0
GTTCATTAGAGCCGAT-1_1,m1,8977,3736,TCCAGTCGTTACGACGTAGCTACTACCG,0.001892068,108.97556,0.022248061,1008.015156,TCCAGTCGTTACGACGTAGCTACTACCG_ET27a_M1,0.00093992,3.833708497,TRUE,G1,0.668678739,0.33065057,0.000670691,0.078378537
GTTCATTAGGATTTGA-1_1,m1,29290,5552,nb,0,0,0,0,0,0,1.91591272,FALSE,G1,0.890489914,0.106628242,0.002881844,0
GTTCATTTCCCAGGCA-1_1,m1,19747,3987,nb,0,0,0,0,0,0,1.106279353,FALSE,G1,0.698339483,0.29797048,0.003690037,0
GTTCCGTGTAGGCTCC-1_1,m1,1562,889,nb,0,0,0,0,0,0,2.529898804,FALSE,G1,0.761102603,0.004594181,0.234303216,0
GTTCGCTAGACATAAC-1_1,m1,9384,3657,nb,0,0,0,0,0,0,6.029845567,FALSE,G2M,0.012669683,0.285067873,0.702262443,0
GTTCGCTCAGTATGAA-1_1,m1,2949,1699,nb,0,0,0,0,0,0,3.718010623,FALSE,G1,0.516320475,0.211671612,0.272007913,0
GTTCTATAGTCTCCTC-1_1,m1,26345,5508,nb,0,0,0,0,0,0,2.794198068,FALSE,G1,0.98024948,0.01975052,0,0
GTTGAACCAAGCGAGT-1_1,m1,17131,4796,nb,0,0,0,0,0,0,2.673331061,FALSE,G2M,0.003984064,0,0.996015936,0
GTTGCTCAGGCGAAGG-1_1,m1,11829,3999,nb,0,0,0,0,0,0,2.540695117,FALSE,G1,0.702247191,0.297752809,0,0
GTTGTAGGTCGAAGCA-1_1,m1,5817,2838,TCCTACTATCGTTACGACCG,0,0,0,0,TCCTACTATCGTTACGACCG_ET27a_M1,4.70E-05,7.434052758,TRUE,G1,0.962598425,0.024606299,0.012795276,0
GTTGTAGGTTCCAAAC-1_1,m1,2374,1371,nb,0,0,0,0,0,0,4.711111111,FALSE,S,0.339539978,0.266155531,0.394304491,0
GTTGTCCTCTGGTGCG-1_1,m1,6576,3099,nb,0,0,0,0,0,0,6.523054581,FALSE,G1,0.619883041,0.379467186,0.000649773,0
GTTGTGATCCTAGCCT-1_1,m1,9336,3821,nb,0,0,0,0,0,0,3.963371012,FALSE,G1,0.586166471,0.413833529,0,0
TAACCAGTCCATCTAT-1_1,m1,3174,1832,nb,0,0,0,0,0,0,3.704525288,FALSE,S,0.44302554,0.219056974,0.337917485,0
TAACTTCGTTCTCCAC-1_1,m1,6966,3135,nb,0,0,0,0,0,0,8.939558451,FALSE,G1,0.881057269,0.118942731,0,0
TAAGCACCACGCGTCA-1_1,m1,14485,4447,nb,0,0,0,0,0,0,4.540251812,FALSE,G2M,0.44467425,0,0.55532575,0
TAAGCCACAAGCCATT-1_1,m1,24298,5087,TCCAGATCTACTATCGTTACGCTACTACCG,7.93E-05,4.568937727,0.15307211,6935.391176,TCCAGATCTACTATCGTTACGCTACTACCG_ET27a_M1,0.000666364,2.305224814,TRUE,G1,0.927643785,0.072356215,0,0.000517788
TAAGCCAGTGTGTCCG-1_1,m1,11407,4191,nb,0,0,0,0,0,0,3.665300217,FALSE,G1,0.876651982,0.112334802,0.011013216,0
TAAGCCATCTTACGGA-1_1,m1,3349,1868,nb,0,0,0,0,0,0,2.49755142,FALSE,G1,0.640266469,0.351591414,0.008142117,0
TAAGTCGCAGAGTTCT-1_1,m1,2422,1408,nb,0,0,0,0,0,0,2.359671076,FALSE,G1,0.844052863,0.103964758,0.051982379,0
TACAACGCAATAGTAG-1_1,m1,4349,2246,nb,0,0,0,0,0,0,3.061538462,FALSE,G1,0.86984418,0.06416132,0.0659945,0
TACCCGTGTTTGCCGG-1_1,m1,11843,4176,TCCAGTACTATCGTTACGAGCTACTACCG,0.095137853,5479.559764,0.150158716,6803.391089,TCCAGTACTATCGTTACGAGCTACTACCG_ET27a_M1,0.00156015,2.820157189,TRUE,G1,0.712758375,0.287241625,0,0.387848283
TACCGAAAGCGTATAA-1_1,m1,24205,4824,nb,0,0,0,0,0,0,3.092488308,FALSE,G1,0.908906883,0.086032389,0.005060729,0
TACCGGGCAACCACAT-1_1,m1,8075,3398,nb,0,0,0,0,0,0,6.344861906,FALSE,G1,0.790348101,0.209651899,0,0
TACCGGGCAAGAAACT-1_1,m1,8367,3528,nb,0,0,0,0,0,0,6.073419181,FALSE,G2M,0.092436975,0.063492063,0.844070962,0
TACCGGGTCATGAGAA-1_1,m1,2128,1270,nb,0,0,0,0,0,0,4.495912807,FALSE,G1,0.724897959,0.133877551,0.14122449,0
TACCTGCAGCTACAAA-1_1,m1,11062,3824,nb,0,0,0,0,0,0,2.21552542,FALSE,G1,0.920810313,0.079189687,0,0
TACCTGCCACGCGTGT-1_1,m1,8841,3561,TCCATCTACTATCGTTACTACTACCG,0.042624253,2454.986492,0.015264897,691.6219593,TCCATCTACTATCGTTACTACTACCG_ET27a_M1,0.000324676,1.766160367,TRUE,G1,0.863439931,0.136560069,0,0.736308151
TACCTGCGTAGAGGAA-1_1,m1,9469,3765,nb,0,0,0,0,0,0,4.07441373,FALSE,G1,0.73800738,0.26199262,0,0
TACGGGCAGGTCGAGT-1_1,m1,8179,3450,nb,0,0,0,0,0,0,4.885968887,FALSE,G1,0.795544948,0.204455052,0,0
TACGGGCCACGACGTC-1_1,m1,7737,3446,TCCAGTACTATCGTTACGAGCTACTACCG,0.095137853,5479.559764,0.150158716,6803.391089,TCCAGTACTATCGTTACGAGCTACTACCG_ET27a_M1,0.00156015,3.28237759,TRUE,G1,0.7968,0.2032,0,0.387848283
TACGTCCGTTCTATCT-1_1,m1,9622,3743,nb,0,0,0,0,0,0,3.780743953,FALSE,G1,0.883392226,0.116607774,0,0
TACTTCAAGCAAATGT-1_1,m1,6631,2949,TCCTATCGTTACGCTACTACCG,0.00077455,44.61097246,0.029400266,1332.067243,TCCTATCGTTACGCTACTACCG_ET27a_M1,0.000202963,3.409299761,TRUE,G1,0.848896435,0.151103565,0,0.025668756
TACTTCAAGTTACGTC-1_1,m1,24019,5450,nb,0,0,0,0,0,0,2.312087127,FALSE,G1,0.977517107,0.021505376,0.000977517,0
TACTTCACAGGTTTAC-1_1,m1,13613,4549,nb,0,0,0,0,0,0,3.238269534,FALSE,G1,0.853970965,0.146029035,0,0
TACTTGTTCTCACGAA-1_1,m1,27195,4019,nb,0,0,0,0,0,0,1.26114849,FALSE,G1,0.795884774,0.204115226,0,0
TAGACCAAGCGGACAT-1_1,m1,4978,2550,TCCAGTCGTTACGAGCTACTACCG,0.001596309,91.94101443,0.000730495,33.09726017,TCCAGTCGTTACGAGCTACTACCG_ET27a_M1,0.00030996,3.283508944,TRUE,G1,0.848639456,0.151360544,0,0.686052199
TAGACCAAGCTTGTGT-1_1,m1,5921,2698,TCCAGTCGTTACGAGCTACTACCG,0.001596309,91.94101443,0.000730495,33.09726017,TCCAGTCGTTACGAGCTACTACCG_ET27a_M1,0.00030996,3.668890237,TRUE,G1,0.625156446,0.374843554,0,0.686052199
TAGAGTCCATCCAACA-1_1,m1,31087,5693,TCCTCTACTATCGTTACGACGCTACTACCG,0.136578591,7866.380534,0.055431611,2511.49544,TCCTCTACTATCGTTACGACGCTACTACCG_ET27a_M1,0.000280136,2.107762481,TRUE,G2M,0.332218506,0.014492754,0.65328874,0.711309032
TAGAGTCGTGCGGATA-1_1,m1,11344,3623,TCGTTACGTAGCTACTACCG,0,0,0.006108091,276.745379,TCGTTACGTAGCTACTACCG_ET27a_M1,1.93E-05,2.514273742,TRUE,G1,0.820344545,0.179655455,0,0
TAGCACAGTAAGAACT-1_1,m1,23927,4511,nb,0,0,0,0,0,0,3.034754033,FALSE,G1,0.581151832,0.418848168,0,0
TAGGAGGTCGCTTGAA-1_1,m1,14695,4267,TCCAGTCTACTATCGTTACGACTACTACCG,0,0,0.033934706,1537.513668,TCCAGTCTACTATCGTTACGACTACTACCG_ET27a_M1,0.000982032,1.914928292,TRUE,G1,0.92936803,0.07063197,0,0
TAGGGTTAGCTTTCCC-1_1,m1,12823,3911,TCCAGTAGCTATCGTTACTACCG,0,0,0.02242188,1015.890544,TCCAGTAGCTATCGTTACTACCG_ET27a_M1,4.62E-05,4.132951575,TRUE,G1,0.771604938,0.228395062,0,0
TAGGTACAGTGACCTT-1_1,m1,23917,5791,nb,0,0,0,0,0,0,2.672252372,FALSE,G2M,0,0.081726354,0.918273646,0
TAGGTACAGTGCGACA-1_1,m1,7045,3087,nb,0,0,0,0,0,0,4.42282176,FALSE,G1,0.662658651,0.337341349,0,0
TAGGTACTCAATGTCG-1_1,m1,1393,941,TCCACTATCGTTACGACCG,0.213246966,12282.17225,0.163466803,7406.353921,TCCACTATCGTTACGACCG_ET27a_M1,0,8.580246914,TRUE,G1,0.693711968,0.228194726,0.078093306,0.5660716
TATACCTCAACTGAAA-1_1,m1,1792,1053,nb,0,0,0,0,0,0,4.301572618,FALSE,G1,0.756079027,0.135258359,0.108662614,0
TATACCTTCATTTCGT-1_1,m1,10748,4017,nb,0,0,0,0,0,0,2.65640964,FALSE,G1,0.508673469,0.491326531,0,0
TATATCCAGCAAGGAA-1_1,m1,8617,3572,TCCAGTCGTTACCG,0,0,0,0,TCCAGTCGTTACCG_ET27a_M1,0,4.474623487,TRUE,G1,0.701075269,0.298924731,0,0
TATATCCCAGAGTTGG-1_1,m1,4535,2353,nb,0,0,0,0,0,0,9.190005031,FALSE,G1,0.943342776,0.055712937,0.000944287,0
TATATCCCAGCAAGAC-1_1,m1,6557,3028,nb,0,0,0,0,0,0,6.400612011,FALSE,G1,0.53779573,0.46220427,0,0
TATATCCCATAATCGC-1_1,m1,7579,1979,nb,0,0,0,0,0,0,2.653902084,FALSE,G1,0.529942576,0.012305168,0.457752256,0
TATATCCTCTCGTGAA-1_1,m1,25554,5246,nb,0,0,0,0,0,0,2.949758608,FALSE,G1,0.922437673,0.077562327,0,0
TATCCTAAGGAGTATT-1_1,m1,9362,3780,TCCACTATCGTTACGACCG,0.213246966,12282.17225,0.163466803,7406.353921,TCCACTATCGTTACGACCG_ET27a_M1,0,6.116759593,TRUE,G1,0.748246298,0.251753702,0,0.5660716
TATCTTGCACTAGGTT-1_1,m1,8993,3566,nb,0,0,0,0,0,0,7.72906127,FALSE,G1,0.79064588,0.026726058,0.182628062,0
TATTCCATCACCCTGT-1_1,m1,11582,4220,nb,0,0,0,0,0,0,3.024541998,FALSE,G1,0.580046404,0.419953596,0,0
TATTCCATCTGTCTCG-1_1,m1,26194,5637,TCCATCTACTATCGGTAGCTACTACCG,0.02498613,1439.101122,0.019731372,893.988999,TCCATCTACTATCGGTAGCTACTACCG_ET27a_M1,0.000320244,2.406973718,TRUE,G1,0.799578059,0.198312236,0.002109705,0.558755049
TATTGCTGTGGAAGTC-1_1,m1,5227,2604,TCCACTATCGTTACGACCG,0.213246966,12282.17225,0.163466803,7406.353921,TCCACTATCGTTACGACCG_ET27a_M1,0,3.434082089,TRUE,G1,0.962463908,0.037536092,0,0.5660716
TATTGCTTCTGTCTCG-1_1,m1,8565,3650,nb,0,0,0,0,0,0,2.347522472,FALSE,G1,0.716129032,0.28172043,0.002150538,0
TATTGGGTCGCAATTG-1_1,m1,20640,2984,nb,0,0,0,0,0,0,1.523137395,FALSE,G2M,0.346441948,0.055243446,0.598314607,0
TATTGGGTCTGCACCT-1_1,m1,15801,4763,TCCAGTACTATCGTTACGAGCTACTACCG,0.095137853,5479.559764,0.150158716,6803.391089,TCCAGTACTATCGTTACGAGCTACTACCG_ET27a_M1,0.00156015,2.829162133,TRUE,S,0.119760479,0.289421158,0.590818363,0.387848283
TATTTCGGTGGACCAA-1_1,m1,38968,4331,nb,0,0,0,0,0,0,1.535173396,FALSE,G2M,0.001960784,0.039215686,0.958823529,0
TCAAGACAGAAGGATG-1_1,m1,19041,4898,TCCACTATCGTCTACTACCG,0,0,0,0,TCCACTATCGTCTACTACCG_ET27a_M1,3.43E-05,3.577426408,TRUE,G1,0.695682944,0.304317056,0,0
TCAATCTGTTGAGGAC-1_1,m1,12565,3711,nb,0,0,0,0,0,0,2.040557668,FALSE,G1,0.967741935,0.03030303,0.001955034,0
TCACACCAGTCTACCA-1_1,m1,16838,3229,nb,0,0,0,0,0,0,1.181859308,FALSE,G2M,0.28359375,0.27109375,0.4453125,0
TCACGCTAGAGTCCGA-1_1,m1,6523,2931,nb,0,0,0,0,0,0,3.137523214,FALSE,G1,0.833333333,0.166666667,0,0
TCACTATAGGGCTAAC-1_1,m1,7026,3143,nb,0,0,0,0,0,0,2.749557275,FALSE,G1,0.852992958,0.124119718,0.022887324,0
TCACTATAGTATTAGG-1_1,m1,6397,3068,nb,0,0,0,0,0,0,6.696208764,FALSE,G1,0.728467153,0.271532847,0,0
TCACTCGAGCCTCTGG-1_1,m1,30950,5999,TCCATCTACTATCGGTAGCTACTACCG,0.02498613,1439.101122,0.019731372,893.988999,TCCATCTACTATCGGTAGCTACTACCG_ET27a_M1,0.000320244,2.487516606,TRUE,G2M,0.011398964,0.013471503,0.975129534,0.558755049
TCACTCGTCAAGGACG-1_1,m1,27390,5698,nb,0,0,0,0,0,0,3.402940813,FALSE,G1,0.963391137,0.036608863,0,0
TCACTCGTCCGTGGGT-1_1,m1,6439,3070,nb,0,0,0,0,0,0,1.781301483,FALSE,G1,0.625,0.375,0,0
TCAGCAACATAATGAG-1_1,m1,6859,3067,nb,0,0,0,0,0,0,8.624735977,FALSE,G1,0.900999092,0.061762035,0.037238874,0
TCAGCAATCCGATGCG-1_1,m1,12295,4445,nb,0,0,0,0,0,0,3.599408316,FALSE,G1,0.657030223,0.342969777,0,0
TCAGCCTTCACCCATC-1_1,m1,6443,3106,nb,0,0,0,0,0,0,2.321590794,FALSE,G1,0.585480094,0.414519906,0,0
TCAGGGCAGCCTGAGA-1_1,m1,16193,4797,TCCACTATCGTTACGACCG,0.213246966,12282.17225,0.163466803,7406.353921,TCCACTATCGTTACGACCG_ET27a_M1,0,2.339539441,TRUE,G2M,0.012440191,0.088995215,0.898564593,0.5660716
TCAGGTACAACACGTT-1_1,m1,14761,4374,nb,0,0,0,0,0,0,3.105643869,FALSE,G1,0.853242321,0.146757679,0,0
TCAGTCCCATACCATG-1_1,m1,7815,3380,TCCACTATCGTTACGACCG,0.213246966,12282.17225,0.163466803,7406.353921,TCCACTATCGTTACGACCG_ET27a_M1,0,2.919316527,TRUE,G1,0.965250965,0.034749035,0,0.5660716
TCAGTCCGTACGTACT-1_1,m1,14019,4357,nb,0,0,0,0,0,0,4.30239705,FALSE,G1,0.676589986,0.323410014,0,0
TCAGTGACAATTGCGT-1_1,m1,4543,2387,nb,0,0,0,0,0,0,5.118180203,FALSE,G1,0.980372915,0.018645731,0.000981354,0
TCAGTGATCCTTTGAT-1_1,m1,8850,3763,nb,0,0,0,0,0,0,4.591072499,FALSE,G1,0.980392157,0.019607843,0,0
TCAGTTTCATGCCGGT-1_1,m1,24833,5731,nb,0,0,0,0,0,0,2.691136768,FALSE,G1,0.800803213,0.199196787,0,0
TCATACTCATCATGAC-1_1,m1,3904,2024,nb,0,0,0,0,0,0,2.672052198,FALSE,G1,0.750187547,0.249812453,0,0
TCATCATGTAGCTCGC-1_1,m1,13840,4545,nb,0,0,0,0,0,0,3.28811772,FALSE,G1,0.937969925,0.062030075,0,0
TCATCATTCCTTATGT-1_1,m1,9079,3848,nb,0,0,0,0,0,0,2.224834187,FALSE,G1,0.695045359,0.304954641,0,0
TCATCCGTCGCTGCGA-1_1,m1,20919,3015,nb,0,0,0,0,0,0,1.151631478,FALSE,G2M,0.163232964,0.105388273,0.731378764,0
TCATGAGTCACCACAA-1_1,m1,19750,5159,TCCAGTCGTTACGAGCTACTACCG,0.001596309,91.94101443,0.000730495,33.09726017,TCCAGTCGTTACGAGCTACTACCG_ET27a_M1,0.00030996,2.475280823,TRUE,G2M,0,0,1,0.686052199
TCATGCCCAAAGTGTA-1_1,m1,6974,3125,nb,0,0,0,0,0,0,4.217910176,FALSE,G1,0.665538253,0.333107651,0.001354096,0
TCATGCCTCATCTGTT-1_1,m1,28510,5463,TCCAGTCTACTATCGTTACGACTACTACCG,0,0,0.033934706,1537.513668,TCCAGTCTACTATCGTTACGACTACTACCG_ET27a_M1,0.000982032,1.301447096,TRUE,G1,0.667556742,0.332443258,0,0
TCATGGAGTCGAATTC-1_1,m1,4407,2099,nb,0,0,0,0,0,0,3.182328716,FALSE,G1,0.74689441,0.246118012,0.006987578,0
TCATGTTGTCCACTCT-1_1,m1,6041,2791,TCCAGTAGCTATCGTTACTACCG,0,0,0.02242188,1015.890544,TCCAGTAGCTATCGTTACTACCG_ET27a_M1,4.62E-05,3.398409255,TRUE,G1,0.836409396,0.163590604,0,0
TCATTACGTTTGGCTA-1_1,m1,8185,3460,nb,0,0,0,0,0,0,3.510228731,FALSE,G1,0.891168599,0.108831401,0,0
TCATTCACAAGGAGTC-1_1,m1,16143,4624,nb,0,0,0,0,0,0,2.398531511,FALSE,G2M,0,0.036679537,0.963320463,0
TCATTCAGTTAAACAG-1_1,m1,25315,5816,nb,0,0,0,0,0,0,2.138495587,FALSE,G1,0.538793103,0.461206897,0,0
TCATTTGTCGTGACTA-1_1,m1,25645,5320,nb,0,0,0,0,0,0,1.736058157,FALSE,G1,0.945506692,0.054493308,0,0
TCCACCACACCAATTG-1_1,m1,16067,5064,TCCAGTACTATCGTTACTACCG,0.076118952,4384.147161,0.134129873,6077.156301,TCCAGTACTATCGTTACTACCG_ET27a_M1,0.000317684,3.919805808,TRUE,G1,0.526038927,0.473961073,0,0.362042223
TCCATCGCACAAACGG-1_1,m1,32930,6197,TCCACTACTATCGTCTACTACCG,0,0,0.009391323,425.5020573,TCCACTACTATCGTCTACTACCG_ET27a_M1,0.000150408,1.290793452,TRUE,G1,0.720461095,0.279538905,0,0
TCCCACATCTGACCCT-1_1,m1,11302,4225,TCCAGTAGCTATCGTTACTACCG,0,0,0.02242188,1015.890544,TCCAGTAGCTATCGTTACTACCG_ET27a_M1,4.62E-05,4.513415862,TRUE,G1,0.864304235,0.135695765,0,0
TCCCAGTAGGTAAGGA-1_1,m1,8942,3627,TCCATCTACTATCGTTACGAGCTACTACCG,0,0,0,0,TCCATCTACTATCGTTACGAGCTACTACCG_ET27a_M1,0.000573322,3.802207734,TRUE,G1,0.878438332,0.121561668,0,0
TCCCAGTAGTGCCTCG-1_1,m1,5687,2754,nb,0,0,0,0,0,0,3.490250996,FALSE,G1,0.868055556,0.131944444,0,0
TCCCATGAGCCATTCA-1_1,m1,8125,2677,nb,0,0,0,0,0,0,1.905829596,FALSE,G1,0.956937799,0.028708134,0.014354067,0
TCCGTGTGTTCAGGTT-1_1,m1,5765,2605,nb,0,0,0,0,0,0,2.827182071,FALSE,G1,0.977473066,0.022526934,0,0
TCCGTGTGTTTAGAGA-1_1,m1,14572,4666,nb,0,0,0,0,0,0,2.63263397,FALSE,G1,0.678886626,0.321113374,0,0
TCCTCCCGTGGGCTTC-1_1,m1,8797,3785,nb,0,0,0,0,0,0,3.544762595,FALSE,G1,0.823577906,0.176422094,0,0
TCCTCCCGTTTGGCTA-1_1,m1,11791,4184,nb,0,0,0,0,0,0,9.060063529,FALSE,G2M,0.001702128,0.149787234,0.848510638,0
TCGACCTAGCTTTCCC-1_1,m1,8175,3281,nb,0,0,0,0,0,0,3.515858767,FALSE,G1,0.950570342,0.049429658,0,0
TCGATTTAGTGTGTTC-1_1,m1,34899,5769,nb,0,0,0,0,0,0,1.493180187,FALSE,G1,0.729455217,0.252077562,0.018467221,0
TCGATTTTCGCCATAA-1_1,m1,8523,3614,TCCAGTACTATCGTTACGAGCTACTACCG,0.095137853,5479.559764,0.150158716,6803.391089,TCCAGTACTATCGTTACGAGCTACTACCG_ET27a_M1,0.00156015,3.885867423,TRUE,G1,0.815660685,0.184339315,0,0.387848283
TCGCACTTCGTTGCCT-1_1,m1,22495,5321,TCCACTATCGTTACGACCG,0.213246966,12282.17225,0.163466803,7406.353921,TCCACTATCGTTACGACCG_ET27a_M1,0,2.761056511,TRUE,G1,0.958291956,0.031777557,0.009930487,0.5660716
TCGCTCAGTTCAGCTA-1_1,m1,4402,2312,TCCAGTCGTTACGAGCTACTACCG,0.001596309,91.94101443,0.000730495,33.09726017,TCCAGTCGTTACGAGCTACTACCG_ET27a_M1,0.00030996,2.788688138,TRUE,G1,0.920664207,0.079335793,0,0.686052199
TCGCTTGGTTCTCTCG-1_1,m1,11125,4113,nb,0,0,0,0,0,0,4.752211147,FALSE,G1,0.797448166,0.202551834,0,0
TCGCTTGTCTGTAACG-1_1,m1,9986,3647,TCCAGTCGTTACGACCG,0.04242062,2443.258028,0.013044551,591.022503,TCCAGTCGTTACGACCG_ET27a_M1,0,2.593548387,TRUE,G1,0.977517107,0.022482893,0,0.764815455
TCGGGACAGCGCCGTT-1_1,m1,6327,2968,nb,0,0,0,0,0,0,7.608106644,FALSE,G1,0.590268886,0.409731114,0,0
TCGGGCACAAGACTGG-1_1,m1,11106,4012,nb,0,0,0,0,0,0,6.758361988,FALSE,G1,0.757575758,0.242424242,0,0
TCGGGCACAAGTCCAT-1_1,m1,4203,2310,nb,0,0,0,0,0,0,8.154040861,FALSE,G1,0.546714888,0.452682339,0.000602773,0
TCGGGCAGTTATGTCG-1_1,m1,5141,2098,nb,0,0,0,0,0,0,7.872340426,FALSE,G1,0.712338594,0.287661406,0,0
TCGTAGAGTATGTCTG-1_1,m1,17872,4780,nb,0,0,0,0,0,0,2.891455941,FALSE,G1,0.841750842,0.158249158,0,0
TCGTGCTCACCTCGTT-1_1,m1,931,585,nb,0,0,0,0,0,0,9.480122324,FALSE,G1,0.587677725,0.209320695,0.20300158,0
TCTACATAGAGTTGAT-1_1,m1,14719,4383,TCCAGTAGCTATCGTTACTACCG,0,0,0.02242188,1015.890544,TCCAGTAGCTATCGTTACTACCG_ET27a_M1,4.62E-05,4.645428929,TRUE,G1,0.636537237,0.363462763,0,0
TCTACATGTAGCTGTT-1_1,m1,9336,3181,nb,0,0,0,0,0,0,2.289946369,FALSE,G1,0.700724638,0.005797101,0.293478261,0
TCTATACGTTGGATCT-1_1,m1,6452,3017,nb,0,0,0,0,0,0,7.17890617,FALSE,G1,0.616457462,0.322873082,0.060669456,0
TCTATCACAGACTGCC-1_1,m1,20935,5390,TCCAGTACTATCGTTACGAAAGCTACTACCG,0,0,0,0,TCCAGTACTATCGTTACGAAAGCTACTACCG_ET27a_M1,2.64E-05,2.197839184,TRUE,G1,0.814876033,0.185123967,0,0
TCTCACGCAATTCACG-1_1,m1,8573,3803,nb,0,0,0,0,0,0,3.174482339,FALSE,G1,0.8,0.2,0,0
TCTCAGCGTCAGACGA-1_1,m1,28182,5647,nb,0,0,0,0,0,0,2.824611846,FALSE,G1,0.835421888,0.164578112,0,0
TCTCCGAAGAATCCCT-1_1,m1,7486,3515,nb,0,0,0,0,0,0,6.934718771,FALSE,G1,0.948620362,0.04376784,0.007611798,0
TCTCTGGGTACCACGC-1_1,m1,25818,5572,TCCAGTACTACTATCGTTACGATAGCTACTACCG,0.047519394,2736.927027,0.101627064,4604.51903,TCCAGTACTACTATCGTTACGATAGCTACTACCG_ET27a_M1,0.000109857,1.528587787,TRUE,G1,0.789250354,0.123055163,0.087694484,0.318608934
TCTCTGGGTGGCTAGA-1_1,m1,8046,3197,nb,0,0,0,0,0,0,3.785989572,FALSE,G1,0.968054211,0.031945789,0,0
TCTCTGGTCAGCATTG-1_1,m1,2673,1411,nb,0,0,0,0,0,0,3.243416827,FALSE,G1,0.831223629,0.129113924,0.039662447,0
TCTGCCAGTTGCGTAT-1_1,m1,14750,4545,TCCACTATCGTTACGACCG,0.213246966,12282.17225,0.163466803,7406.353921,TCCACTATCGTTACGACCG_ET27a_M1,0,4.658991729,TRUE,G1,0.583528037,0.416471963,0,0.5660716
TCTGGCTCATGTGCTA-1_1,m1,16498,4555,TCCAGTACTATCGTTACGAGCTACTACCG,0.095137853,5479.559764,0.150158716,6803.391089,TCCAGTACTATCGTTACGAGCTACTACCG_ET27a_M1,0.00156015,2.211330658,TRUE,G1,0.923943662,0.076056338,0,0.387848283
TCTGTCGGTGCCCACA-1_1,m1,16369,5038,TCCAGTCGTTACGACTACCG,0,0,0,0,TCCAGTCGTTACGACTACCG_ET27a_M1,0.000268612,2.311063337,TRUE,G2M,0,0.192897498,0.807102502,0
TCTGTCGTCTATACGG-1_1,m1,9827,3807,nb,0,0,0,0,0,0,4.546023795,FALSE,G1,0.791765637,0.208234363,0,0
TCTTAGTGTAAGTCAA-1_1,m1,5547,2628,nb,0,0,0,0,0,0,2.535998281,FALSE,G1,0.960614793,0.039385207,0,0
TCTTAGTTCATTCGTT-1_1,m1,6024,2731,TCCTAGTTACGACGAGGTAGCTACTACCG,0,0,0,0,TCCTAGTTACGACGAGGTAGCTACTACCG_ET27a_M1,8.93E-09,1.931818182,TRUE,G1,0.861206897,0.138793103,0,0
TCTTAGTTCTTGTTAC-1_1,m1,5179,2341,nb,0,0,0,0,0,0,1.618219958,FALSE,G1,0.894784173,0.080935252,0.024280576,0
TCTTTGACACAAAGCG-1_1,m1,13266,4417,nb,0,0,0,0,0,0,3.485152296,FALSE,G1,0.901713255,0.098286745,0,0
TCTTTGAGTGGTCTCG-1_1,m1,8705,3495,TCCACTATCGTTACGACCG,0.213246966,12282.17225,0.163466803,7406.353921,TCCACTATCGTTACGACCG_ET27a_M1,0,7.308845577,TRUE,G1,0.773395205,0.226604795,0,0.5660716
TGAACGTCATTGAAAG-1_1,m1,13487,4099,nb,0,0,0,0,0,0,2.649097838,FALSE,G2M,0.066964286,0.151785714,0.78125,0
TGACAGTCATATTCGG-1_1,m1,6728,3056,nb,0,0,0,0,0,0,2.961377219,FALSE,G1,0.617283951,0.382716049,0,0
TGACAGTGTCATCCGG-1_1,m1,2779,1582,nb,0,0,0,0,0,0,3.441346395,FALSE,G1,0.907129456,0.082551595,0.010318949,0
TGACCCTCAGCTGTCG-1_1,m1,12408,4547,nb,0,0,0,0,0,0,4.189519593,FALSE,G2M,0.004436557,0.179236912,0.816326531,0
TGACCCTGTAATGATG-1_1,m1,13690,4345,TCCAGTCGTTACGAGCTACTACCG,0.001596309,91.94101443,0.000730495,33.09726017,TCCAGTCGTTACGAGCTACTACCG_ET27a_M1,0.00030996,3.24278691,TRUE,G2M,0,0.000999001,0.999000999,0.686052199
TGACTCCAGCGCCTCA-1_1,m1,25420,5447,nb,0,0,0,0,0,0,3.935627788,FALSE,G1,0.974634146,0.025365854,0,0
TGAGACTAGATCGGTG-1_1,m1,5982,2870,nb,0,0,0,0,0,0,9.094655859,FALSE,G1,0.867256637,0.118584071,0.014159292,0
TGAGACTTCCAGGACC-1_1,m1,17048,4486,nb,0,0,0,0,0,0,2.934411928,FALSE,G1,0.932989691,0.028865979,0.03814433,0
TGAGACTTCCGAACGC-1_1,m1,2850,1538,nb,0,0,0,0,0,0,3.893395133,FALSE,G1,0.569033531,0.352071006,0.078895464,0
TGAGCATGTGCTGTCG-1_1,m1,6605,2998,TCCAGTACTATCGTTACGAGCTACTACCG,0.095137853,5479.559764,0.150158716,6803.391089,TCCAGTACTATCGTTACGAGCTACTACCG_ET27a_M1,0.00156015,4.400498842,TRUE,G1,0.794235388,0.199359488,0.006405124,0.387848283
TGAGTCAGTATTCCTT-1_1,m1,7146,3173,nb,0,0,0,0,0,0,3.579973416,FALSE,G1,0.891964286,0.108035714,0,0
TGATCAGTCAGCCTCT-1_1,m1,15493,4731,TCCAGTACTATCGTTACGAGCTACTACCG,0.095137853,5479.559764,0.150158716,6803.391089,TCCAGTACTATCGTTACGAGCTACTACCG_ET27a_M1,0.00156015,1.768804717,TRUE,G1,0.647249191,0.352750809,0,0.387848283
TGATGCAAGTCTAGCT-1_1,m1,7474,3268,nb,0,0,0,0,0,0,6.540954626,FALSE,G1,0.600847971,0.399152029,0,0
TGATGGTAGATGCTGG-1_1,m1,20880,4991,TCCAGTACTATCGTTACTACCG,0.076118952,4384.147161,0.134129873,6077.156301,TCCAGTACTATCGTTACTACCG_ET27a_M1,0.000317684,3.135494901,TRUE,G1,0.883392226,0.116607774,0,0.362042223
TGATGGTCAAATTAGG-1_1,m1,8455,3704,TCCTCTACTATCGTTACGACGCTACTACCG,0.136578591,7866.380534,0.055431611,2511.49544,TCCTCTACTATCGTTACGACGCTACTACCG_ET27a_M1,0.000280136,4.360395086,TRUE,G1,0.791765637,0.208234363,0,0.711309032
TGATGGTCATCCTTGC-1_1,m1,7491,3362,nb,0,0,0,0,0,0,2.701536337,FALSE,G1,0.972762646,0.027237354,0,0
TGATGGTGTCAACCTA-1_1,m1,22968,5474,nb,0,0,0,0,0,0,2.310551902,FALSE,G1,0.968962173,0.031037827,0,0
TGATTCTAGGCCCACT-1_1,m1,18612,5211,TCCAGTCGTTACCG,0,0,0,0,TCCAGTCGTTACCG_ET27a_M1,0,2.154594823,TRUE,G1,0.782472613,0.217527387,0,0
TGATTCTTCGGTGAAG-1_1,m1,9015,3722,TCCAGTACTATCGTTACGACGTAGCTACTACCG,0.093997789,5413.896637,0.079863848,3618.471238,TCCAGTACTATCGTTACGACGTAGCTACTACCG_ET27a_M1,0.00144722,4.300441826,TRUE,G1,0.754716981,0.245283019,0,0.540647095
TGATTCTTCTCATGCC-1_1,m1,17258,5151,nb,0,0,0,0,0,0,2.729772192,FALSE,G1,0.925925926,0.074074074,0,0
TGATTTCAGCAGCCCT-1_1,m1,2283,1429,nb,0,0,0,0,0,0,9.042016807,FALSE,G2M,0.000987167,0.013820336,0.985192498,0
TGATTTCCAATTGAGA-1_1,m1,2042,1200,nb,0,0,0,0,0,0,5.507900677,FALSE,G1,0.820016821,0.042052145,0.137931034,0
TGATTTCTCTTTCTAG-1_1,m1,23102,5662,TCCACTATCGTTACGACCG,0.213246966,12282.17225,0.163466803,7406.353921,TCCACTATCGTTACGACCG_ET27a_M1,0,2.422975217,TRUE,G2M,0.003787879,0.102272727,0.893939394,0.5660716
TGCACGGAGTTGCATC-1_1,m1,5334,2459,TCCAGTACTATCGTTACGAGCTACTACCG,0.095137853,5479.559764,0.150158716,6803.391089,TCCAGTACTATCGTTACGAGCTACTACCG_ET27a_M1,0.00156015,6.14973262,TRUE,G1,0.693491952,0.306508048,0,0.387848283
TGCACGGGTCCACACG-1_1,m1,16897,4559,TCCTCTACTATCGTTACGACGCTACTACCG,0.136578591,7866.380534,0.055431611,2511.49544,TCCTCTACTATCGTTACGACGCTACTACCG_ET27a_M1,0.000280136,2.350845948,TRUE,G1,0.943181818,0.056818182,0,0.711309032
TGCAGTAAGTTGCGAG-1_1,m1,17595,4865,TCCAGTACTATCGTTACGACTACCG,0,0,0,0,TCCAGTACTATCGTTACGACTACCG_ET27a_M1,0.000368342,1.960858253,TRUE,S,0.308510638,0.068085106,0.623404255,0
TGCATGAGTTGCTTGA-1_1,m1,8377,3528,nb,0,0,0,0,0,0,3.373930217,FALSE,G1,0.799039231,0.200960769,0,0
TGCATGATCATTGCGA-1_1,m1,13788,4454,TCCACTATCGTTACGACCG,0.213246966,12282.17225,0.163466803,7406.353921,TCCACTATCGTTACGACCG_ET27a_M1,0,2.807525326,TRUE,G1,0.653167864,0.346832136,0,0.5660716
TGCCGAGAGCATTTGC-1_1,m1,4679,2446,TCCAGTCGTTACGACTACCG,0,0,0,0,TCCAGTCGTTACGACTACCG_ET27a_M1,0.000268612,2.821869489,TRUE,G1,0.99009901,0.00990099,0,0
TGCGATACAAAGCACG-1_1,m1,6189,2849,TCCAGTACTATCGTTACGAGCTACTACCG,0.095137853,5479.559764,0.150158716,6803.391089,TCCAGTACTATCGTTACGAGCTACTACCG_ET27a_M1,0.00156015,3.294728435,TRUE,G1,0.81366965,0.18633035,0,0.387848283
TGCGGCACATATCTCT-1_1,m1,19054,4726,TCCACTATCGTTACGACCG,0.213246966,12282.17225,0.163466803,7406.353921,TCCACTATCGTTACGACCG_ET27a_M1,0,3.303676116,TRUE,G1,0.95584989,0.01214128,0.03200883,0.5660716
TGCGGCATCTAGTGTG-1_1,m1,6793,3012,nb,0,0,0,0,0,0,3.114128129,FALSE,G1,0.81366965,0.18633035,0,0
TGCGGGTCAAAGCGTG-1_1,m1,24392,4571,nb,0,0,0,0,0,0,1.913090273,FALSE,G1,0.987166831,0.012833169,0,0
TGCGGGTCAGACGATG-1_1,m1,4919,2435,nb,0,0,0,0,0,0,9.843081312,FALSE,G1,0.590747331,0.409252669,0,0
TGCGGGTCATCTCAAG-1_1,m1,21803,5254,nb,0,0,0,0,0,0,2.658727632,FALSE,G1,0.922826087,0.039130435,0.038043478,0
TGCTCGTGTCTATGAC-1_1,m1,6047,2747,TCCATCTACTATCGGTAGCTACTACCG,0.02498613,1439.101122,0.019731372,893.988999,TCCATCTACTATCGGTAGCTACTACCG_ET27a_M1,0.000320244,3.830157655,TRUE,G1,0.656972902,0.343027098,0,0.558755049
TGCTCGTTCATTGTGG-1_1,m1,20647,5300,nb,0,0,0,0,0,0,3.735266829,FALSE,G1,0.835100118,0.005889282,0.159010601,0
TGCTTCGTCTGATTCT-1_1,m1,32115,5818,nb,0,0,0,0,0,0,2.026214146,FALSE,G1,0.820909091,0.123636364,0.055454545,0
TGGATCATCATGGAGG-1_1,m1,11385,3824,TCCACTATCGTTACGACCG,0.213246966,12282.17225,0.163466803,7406.353921,TCCACTATCGTTACGACCG_ET27a_M1,0,5.314994057,TRUE,G1,0.963391137,0.036608863,0,0.5660716
TGGATCATCCGATAAC-1_1,m1,7642,3414,TCCAGTACTATCGTTACGAGCTACTACCG,0.095137853,5479.559764,0.150158716,6803.391089,TCCAGTACTATCGTTACGAGCTACTACCG_ET27a_M1,0.00156015,3.889369058,TRUE,G1,0.924599434,0.015080113,0.060320452,0.387848283
TGGATGTCACTTGGCG-1_1,m1,8948,3684,TCCAGTATCGTTAGCTACTACCG,0,0,0,0,TCCAGTATCGTTAGCTACTACCG_ET27a_M1,0.000289035,3.000993707,TRUE,G1,0.652087475,0.344599072,0.003313453,0
TGGCGTGGTTAGGCCC-1_1,m1,19609,4968,TCCAGTACTACTATCGTTACGATAGCTACTACCG,0.047519394,2736.927027,0.101627064,4604.51903,TCCAGTACTACTATCGTTACGATAGCTACTACCG_ET27a_M1,0.000109857,2.620446176,TRUE,G1,0.883392226,0.116607774,0,0.318608934
TGGGAGACACCGTGCA-1_1,m1,7747,2654,nb,0,0,0,0,0,0,3.067776457,FALSE,G1,0.834234234,0.033333333,0.132432432,0
TGGGATTTCTACCACC-1_1,m1,21054,5486,TCCACTATCGTTACGACCG,0.213246966,12282.17225,0.163466803,7406.353921,TCCACTATCGTTACGACCG_ET27a_M1,0,4.205622387,TRUE,G2M,0,0.052231719,0.947768281,0.5660716
TGGGCGTGTAATGCGG-1_1,m1,20179,5352,nb,0,0,0,0,0,0,3.26375584,FALSE,G2M,0,0.055501461,0.944498539,0
TGGGCTGGTAGTTACC-1_1,m1,3971,1888,nb,0,0,0,0,0,0,3.507033882,FALSE,G1,0.746425884,0.188111362,0.065462754,0
TGGTAGTTCTCCAAGA-1_1,m1,22596,5294,TCCACTATCGTTACGAGCTACTACCG,0.080916839,4660.486265,0.088229273,3997.491892,TCCACTATCGTTACGAGCTACTACCG_ET27a_M1,0.00118229,2.216864636,TRUE,G2M,0.234343434,0.003030303,0.762626263,0.478384268
TGTAAGCTCGGACCAC-1_1,m1,20858,4833,nb,0,0,0,0,0,0,2.346751025,FALSE,G1,0.906764168,0.093235832,0,0
TGTAGACTCATCGCAA-1_1,m1,6239,2896,nb,0,0,0,0,0,0,2.913059163,FALSE,G1,0.574228029,0.425771971,0,0
TGTAGACTCGAGCCAC-1_1,m1,15469,4808,nb,0,0,0,0,0,0,3.777302645,FALSE,G2M,0.447662936,0,0.552337064,0
TGTAGACTCTCAACCC-1_1,m1,11533,4283,nb,0,0,0,0,0,0,5.342247692,FALSE,S,0.333333333,0.296610169,0.370056497,0
TGTGAGTTCTTGGTCC-1_1,m1,2097,1275,nb,0,0,0,0,0,0,1.723518851,FALSE,G1,0.433039294,0.422614274,0.144346431,0
TGTGATGGTACAGCGA-1_1,m1,17625,3848,nb,0,0,0,0,0,0,3.482355135,FALSE,G1,0.950381679,0.013358779,0.036259542,0
TGTGATGGTAGATGTA-1_1,m1,22702,5327,nb,0,0,0,0,0,0,4.054572352,FALSE,G1,0.96597146,0.03183315,0.00219539,0
TGTTACTCAAGTGCTT-1_1,m1,6531,3073,nb,0,0,0,0,0,0,5.328574945,FALSE,G1,0.962635202,0.022615536,0.014749263,0
TGTTCATCATTCACCC-1_1,m1,12379,4260,TCCTATCGTTACGAGCTACTACCG,0.031788571,1830.894519,0.065589224,2971.716583,TCCTATCGTTACGAGCTACTACCG_ET27a_M1,0.000222856,2.909974222,TRUE,G1,0.709723208,0.290276792,0,0.326445788
TGTTCCGGTGTTCATG-1_1,m1,11956,3973,nb,0,0,0,0,0,0,4.717293067,FALSE,G1,0.75701684,0.240577386,0.002405774,0
TGTTCCGTCGAGAAGC-1_1,m1,16944,4981,nb,0,0,0,0,0,0,3.422685429,FALSE,G2M,0,0.015748031,0.984251969,0
TGTTCCGTCGGCATCG-1_1,m1,10842,4047,nb,0,0,0,0,0,0,3.506864989,FALSE,G1,0.977517107,0.022482893,0,0
TGTTTGTCATCATGAC-1_1,m1,38617,5786,nb,0,0,0,0,0,0,3.155381944,FALSE,G1,0.960462874,0.027965284,0.011571842,0
TTAATCCCAACCGTGC-1_1,m1,9851,3827,TCCAGTACTATCGTTACGACTACTACCG,0,0,0.006772736,306.8591447,TCCAGTACTATCGTTACGACTACTACCG_ET27a_M1,0.000590437,2.661647183,TRUE,G1,0.810218978,0.189781022,0,0
TTACCATAGAGAGGTA-1_1,m1,2035,1201,nb,0,0,0,0,0,0,2.145922747,FALSE,G1,0.640602582,0.330703013,0.028694405,0
TTACCATCAACGCATT-1_1,m1,3781,1605,nb,0,0,0,0,0,0,4.353372668,FALSE,G1,0.901132853,0.047373841,0.051493306,0
TTACCATGTCCGATCG-1_1,m1,16496,4982,nb,0,0,0,0,0,0,2.349426772,FALSE,G1,0.606428138,0.393571862,0,0
TTACCATTCTTTGCGC-1_1,m1,17095,4830,TCCAGTACTACTATCGTTACGATAGCTACTACCG,0.047519394,2736.927027,0.101627064,4604.51903,TCCAGTACTACTATCGTTACGATAGCTACTACCG_ET27a_M1,0.000109857,2.39008793,TRUE,G2M,0.155227033,0.045406547,0.79936642,0.318608934
TTACGCCAGTAGGCCA-1_1,m1,3973,1821,nb,0,0,0,0,0,0,5.353982301,FALSE,G1,0.684554025,0.303843365,0.011602611,0
TTACGTTTCATTGTTC-1_1,m1,11349,4113,nb,0,0,0,0,0,0,5.323346486,FALSE,G2M,0.00199005,0.002985075,0.995024876,0
TTAGTCTAGCGAACTG-1_1,m1,4156,1871,nb,0,0,0,0,0,0,2.33441911,FALSE,G1,0.771152297,0.201450443,0.02739726,0
TTAGTCTAGCTACAAA-1_1,m1,8502,2876,nb,0,0,0,0,0,0,1.531420525,FALSE,G1,0.784467714,0.029668412,0.185863874,0
TTATTGCGTCAAAGAT-1_1,m1,9751,3744,nb,0,0,0,0,0,0,3.313996544,FALSE,G1,0.934579439,0.065420561,0,0
TTCAATCCATGTCAGT-1_1,m1,13771,4056,TCCAGTACTACTATCGTTACGATAGCTACTACCG,0.047519394,2736.927027,0.101627064,4604.51903,TCCAGTACTACTATCGTTACGATAGCTACTACCG_ET27a_M1,0.000109857,2.389559176,TRUE,G1,0.743303571,0.256696429,0,0.318608934
TTCAATCTCGGAGATG-1_1,m1,8297,3529,nb,0,0,0,0,0,0,3.767123288,FALSE,G1,0.771604938,0.228395062,0,0
TTCACCGCAGTAACAA-1_1,m1,6059,2968,TCCTCTACTATCGTTACGACGCTACTACCG,0.136578591,7866.380534,0.055431611,2511.49544,TCCTCTACTATCGTTACGACGCTACTACCG_ET27a_M1,0.000280136,2.737188722,TRUE,G1,0.859106529,0.140893471,0,0.711309032
TTCACCGGTCGAACGA-1_1,m1,2703,1378,nb,0,0,0,0,0,0,2.867830424,FALSE,G1,0.688607595,0.260759494,0.050632911,0
TTCACCGTCAGACCTA-1_1,m1,24086,5277,TCCAGTCTACTATCGTTACGACGCTACTACCG,0.158896862,9151.823654,0.136863945,6201.031621,TCCAGTCTACTATCGTTACGACGCTACTACCG_ET27a_M1,0.00252242,1.743812279,TRUE,G1,0.968992248,0.031007752,0,0.537247865
TTCACGCAGCCTCGTG-1_1,m1,28023,5370,TCCTATCGTTACGCTACTACCG,0.00077455,44.61097246,0.029400266,1332.067243,TCCTATCGTTACGCTACTACCG_ET27a_M1,0.000202963,3.712414977,TRUE,G1,0.722997796,0.277002204,0,0.025668756
TTCACGCGTGGTCCCA-1_1,m1,6769,3089,TCCATCTACTATCGGTAGCTACTACCG,0.02498613,1439.101122,0.019731372,893.988999,TCCATCTACTATCGGTAGCTACTACCG_ET27a_M1,0.000320244,3.387894937,TRUE,G1,0.780297107,0.219702893,0,0.558755049
TTCACGCGTTACCCTC-1_1,m1,4517,2480,TCCAGTACTATCGGTAGCTACTACCG,0,0,0,0,TCCAGTACTATCGGTAGCTACTACCG_ET27a_M1,0.000128584,2.681078046,TRUE,G1,0.793381759,0.202582728,0.004035513,0
TTCACGCTCCCGAGGT-1_1,m1,19613,5124,nb,0,0,0,0,0,0,2.323214599,FALSE,G1,0.848896435,0.151103565,0,0
TTCAGGAGTATGCTAC-1_1,m1,25409,5756,TCCAGTCTACTATCGTTACGACGCTACTACCG,0.158896862,9151.823654,0.136863945,6201.031621,TCCAGTCTACTATCGTTACGACGCTACTACCG_ET27a_M1,0.00252242,1.907261592,TRUE,G1,0.790621592,0.164667394,0.044711014,0.537247865
TTCATTGCACGTACTA-1_1,m1,9886,4029,nb,0,0,0,0,0,0,3.630000686,FALSE,G1,0.546420582,0.453579418,0,0
TTCCACGCATGAAAGT-1_1,m1,5272,2109,nb,0,0,0,0,0,0,2.169435672,FALSE,G1,0.687272727,0.058909091,0.253818182,0
TTCCTCTAGTTGCCTA-1_1,m1,16236,4555,nb,0,0,0,0,0,0,2.239974937,FALSE,G2M,0.020277481,0.028815368,0.95090715,0
TTCCTCTTCACTCCGT-1_1,m1,7395,3225,TCCAGTAGCTATCGTTACTACCG,0,0,0.02242188,1015.890544,TCCAGTAGCTATCGTTACTACCG_ET27a_M1,4.62E-05,6.361437147,TRUE,G1,0.940733772,0.059266228,0,0
TTCGCTGCAACAGCCC-1_1,m1,5555,2737,nb,0,0,0,0,0,0,7.281177382,FALSE,G1,0.649438202,0.346816479,0.003745318,0
TTCGCTGCAAGTCGTT-1_1,m1,16031,4684,TCCACTATCGTTGTAGCTACTACCG,0,0,0,0,TCCACTATCGTTGTAGCTACTACCG_ET27a_M1,0.000304833,1.277215841,TRUE,G1,0.889970789,0.103213242,0.006815969,0
TTCGGTCTCAGGTGTT-1_1,m1,5151,2754,nb,0,0,0,0,0,0,4.268551237,FALSE,G1,0.972762646,0.019455253,0.007782101,0
TTCTCTCGTGGACCAA-1_1,m1,2996,1726,nb,0,0,0,0,0,0,3.550109959,FALSE,S,0.322733424,0.578484438,0.098782138,0
TTCTGTAGTACATTGC-1_1,m1,27156,5854,nb,0,0,0,0,0,0,4.631226805,FALSE,G1,0.7,0.3,0,0
TTGAACGAGGCGACAT-1_1,m1,1449,807,nb,0,0,0,0,0,0,6.494900698,FALSE,G1,0.497652582,0.04600939,0.456338028,0
TTGACCCGTGAGCGAT-1_1,m1,4268,2198,TCCACTATCGTTACGACTACCG,0,0,0,0,TCCACTATCGTTACGACTACCG_ET27a_M1,0,2.921034242,TRUE,G1,0.863001745,0.054973822,0.082024433,0
TTGAGTGCATGAGGGT-1_1,m1,25994,5233,TCCAGTACTATCGTTACGAGCTACTACCG,0.095137853,5479.559764,0.150158716,6803.391089,TCCAGTACTATCGTTACGAGCTACTACCG_ET27a_M1,0.00156015,1.623261215,TRUE,G2M,0,0.003984064,0.996015936,0.387848283
TTGATGGTCAGCCCAG-1_1,m1,17668,3368,nb,0,0,0,0,0,0,1.952364087,FALSE,G1,0.962463908,0.037536092,0,0
TTGCATTTCTAGTCAG-1_1,m1,8660,3465,TCCACTATCGTTACGACCG,0.213246966,12282.17225,0.163466803,7406.353921,TCCACTATCGTTACGACCG_ET27a_M1,0,2.783694455,TRUE,G1,0.902527076,0.097472924,0,0.5660716
TTGCGTCAGTAATACG-1_1,m1,7468,1887,nb,0,0,0,0,0,0,8.457648546,FALSE,G2M,0.046992481,0.014097744,0.938909774,0
TTGCGTCGTCGATTTG-1_1,m1,12004,3941,nb,0,0,0,0,0,0,8.28088006,FALSE,G2M,0.005334914,0.448725548,0.545939538,0
TTGCGTCTCAATCCGA-1_1,m1,7019,2612,nb,0,0,0,0,0,0,3.458416657,FALSE,S,0.433774834,0.505518764,0.060706402,0
TTGCGTCTCCGCACTT-1_1,m1,14150,4492,TCCACTATCGTTACGACCG,0.213246966,12282.17225,0.163466803,7406.353921,TCCACTATCGTTACGACCG_ET27a_M1,0,2.744028007,TRUE,G2M,0,0.293286219,0.706713781,0.5660716
TTGCTGCAGGCCTTGC-1_1,m1,8306,3469,TCCAGTACTATCGTTACGACGTAGCTACTACCG,0.093997789,5413.896637,0.079863848,3618.471238,TCCAGTACTATCGTTACGACGTAGCTACTACCG_ET27a_M1,0.00144722,3.129852088,TRUE,G1,0.683994528,0.316005472,0,0.540647095
TTGCTGCCAACCACAT-1_1,m1,18303,5434,TCCAGTCGTTACCG,0,0,0,0,TCCAGTCGTTACCG_ET27a_M1,0,3.340332124,TRUE,G1,0.510214505,0.489785495,0,0
TTGGATGCAGGGTCTC-1_1,m1,12060,4055,nb,0,0,0,0,0,0,4.130266504,FALSE,S,0.093506494,0.362337662,0.544155844,0
TTGGGATAGGCCCAAA-1_1,m1,7692,3107,nb,0,0,0,0,0,0,3.465456979,FALSE,G1,0.911577028,0.088422972,0,0
TTGGGCGCACCCTCTA-1_1,m1,9217,3608,TCCAGTACTATCGTTACTACCG,0.076118952,4384.147161,0.134129873,6077.156301,TCCAGTACTATCGTTACTACCG_ET27a_M1,0.000317684,7.158599298,TRUE,G1,0.854142357,0.073512252,0.072345391,0.362042223
TTGGGCGTCTGAATGC-1_1,m1,7675,3258,nb,0,0,0,0,0,0,4.527947393,FALSE,G1,0.988142292,0.005928854,0.005928854,0
TTGTGGACACGTCTCT-1_1,m1,11205,4028,nb,0,0,0,0,0,0,2.987229317,FALSE,G1,0.944287063,0.055712937,0,0
TTGTGGAGTGCAGTGA-1_1,m1,4062,2169,nb,0,0,0,0,0,0,9.152062312,FALSE,G1,0.523888889,0.462777778,0.013333333,0
TTGTTCATCGACACCG-1_1,m1,6989,2515,nb,0,0,0,0,0,0,1.914259514,FALSE,G1,0.682352941,0.201470588,0.116176471,0
TTGTTGTGTATCTTCT-1_1,m1,23449,4658,nb,0,0,0,0,0,0,3.050913806,FALSE,G1,0.83657917,0.16342083,0,0
TTGTTGTGTCGGCTAC-1_1,m1,7819,3213,nb,0,0,0,0,0,0,1.743337685,FALSE,G1,0.99009901,0.00990099,0,0
TTTACCATCGCCTTGT-1_1,m1,18377,4815,TCCACTATCGTCTACTACCG,0,0,0,0,TCCACTATCGTCTACTACCG_ET27a_M1,3.43E-05,4.530368404,TRUE,G1,0.884955752,0.115044248,0,0
TTTACTGAGATTGACA-1_1,m1,9640,3895,nb,0,0,0,0,0,0,2.744413408,FALSE,G1,0.916590284,0.083409716,0,0
TTTACTGTCGGTGTAT-1_1,m1,11044,4061,TCCAGACTATCGTTACGCTACTACCG,0.106889906,6156.431054,0.045550183,2063.787693,TCCAGACTATCGTTACGCTACTACCG_ET27a_M1,0.000364859,3.742293465,TRUE,G1,0.74682599,0.25317401,0,0.701192886
TTTAGTCCAGTTTCGA-1_1,m1,9652,3799,nb,0,0,0,0,0,0,5.169442849,FALSE,G1,0.660629921,0.103149606,0.236220472,0
TTTATGCCAAGTTCGT-1_1,m1,5455,2727,nb,0,0,0,0,0,0,8.918669131,FALSE,G1,0.951771654,0.012795276,0.035433071,0
TTTATGCCATCGCTAA-1_1,m1,4246,2288,nb,0,0,0,0,0,0,5.882352941,FALSE,G1,0.874224978,0.015943313,0.109831709,0
TTTCGATCACCAGCTG-1_1,m1,11946,4391,TCCACTATCGTTACGACCG,0.213246966,12282.17225,0.163466803,7406.353921,TCCACTATCGTTACGACCG_ET27a_M1,0,2.982486561,TRUE,G1,0.764931087,0.235068913,0,0.5660716
TTTCGATGTCGACTTA-1_1,m1,15482,4691,TCCACTATCGTTACGAGCTACTACCG,0.080916839,4660.486265,0.088229273,3997.491892,TCCACTATCGTTACGAGCTACTACCG_ET27a_M1,0.00118229,3.125780405,TRUE,G2M,0,0.21214511,0.78785489,0.478384268
TTTGACTCATCCTATT-1_1,m1,8587,3738,nb,0,0,0,0,0,0,3.29020041,FALSE,G1,0.748687172,0.251312828,0,0
TTTGTTGCAAGAATGT-1_1,m1,7433,3235,nb,0,0,0,0,0,0,3.302337707,FALSE,G1,0.600120265,0.399879735,0,0
AAACCCAAGCCTGAGA-1_2,m2,44501,6219,nb,0,0,0,0,0,0,2.250217493,FALSE,G1,0.940733772,0.059266228,0,0
AAACCCAAGCTAAATG-1_2,m2,30182,5633,nb,0,0,0,0,0,0,3.06591722,FALSE,G1,0.761068702,0.238931298,0,0
AAACCCAAGGCATCTT-1_2,m2,2274,1391,nb,0,0,0,0,0,0,3.314550878,FALSE,G1,0.920233463,0.043774319,0.035992218,0
AAACCCACACGGCACT-1_2,m2,8540,3592,nb,0,0,0,0,0,0,3.848600509,FALSE,G1,0.806451613,0.096774194,0.096774194,0
AAACGAAAGACGGAAA-1_2,m2,6779,2697,nb,0,0,0,0,0,0,2.548395001,FALSE,G1,0.634628494,0.000681663,0.364689843,0
AAACGAAAGCTTCATG-1_2,m2,33880,5922,nb,0,0,0,0,0,0,2.552093091,FALSE,G1,0.952380952,0.047619048,0,0
AAACGAAGTACATTGC-1_2,m2,6189,2995,nb,0,0,0,0,0,0,5.045586407,FALSE,G1,0.594405594,0.369357915,0.036236491,0
AAACGCTAGTCCGCCA-1_2,m2,8740,3613,nb,0,0,0,0,0,0,5.452781819,FALSE,G1,0.820428336,0.179571664,0,0
AAACGCTGTCCTGGTG-1_2,m2,9949,3895,nb,0,0,0,0,0,0,4.250356356,FALSE,G1,0.713266762,0.286733238,0,0
AAACGCTTCACGGAGA-1_2,m2,18749,5103,TCCTACTATCGTTACGAGCTACTACCG,0,0,0.000283999,23.88435087,TCCTACTATCGTTACGAGCTACTACCG_ET27b_M1,0.000267311,2.983098372,TRUE,G1,0.812347685,0.187652315,0,0
AAAGAACCAGCCGTTG-1_2,m2,5152,2194,nb,0,0,0,0,0,0,4.531722054,FALSE,G1,0.665955935,0.201137171,0.132906894,0
AAAGAACGTGTTATCG-1_2,m2,14793,4656,nb,0,0,0,0,0,0,5.599380535,FALSE,G1,0.548913043,0.386645963,0.064440994,0
AAAGGATGTTAGGGAC-1_2,m2,22247,4827,nb,0,0,0,0,0,0,2.72724036,FALSE,G2M,0.000932836,0.109141791,0.889925373,0
AAAGGGCGTAACCAGG-1_2,m2,34617,6117,nb,0,0,0,0,0,0,3.67120138,FALSE,G2M,0.010815308,0.27703827,0.712146423,0
AAAGGTACAGCAATTC-1_2,m2,9810,3249,nb,0,0,0,0,0,0,2.424145128,FALSE,G1,0.868055556,0.068576389,0.063368056,0
AAAGGTACATGGCTGC-1_2,m2,24349,5648,nb,0,0,0,0,0,0,3.140813615,FALSE,G1,0.830974188,0.169025812,0,0
AAAGGTAGTGACGTCC-1_2,m2,6413,2500,nb,0,0,0,0,0,0,3.899645487,FALSE,G1,0.871428571,0.045535714,0.083035714,0
AAAGTCCAGTCCGTCG-1_2,m2,13807,4247,nb,0,0,0,0,0,0,2.66796585,FALSE,G1,0.815660685,0.184339315,0,0
AAAGTGAGTTCCAAAC-1_2,m2,12172,4296,nb,0,0,0,0,0,0,5.862242896,FALSE,G2M,0,0.226604795,0.773395205,0
AAAGTGAGTTTACGTG-1_2,m2,6807,3069,nb,0,0,0,0,0,0,9.19105735,FALSE,S,0.061465721,0.530732861,0.407801418,0
AAAGTGATCCCAAGCG-1_2,m2,14301,4244,nb,0,0,0,0,0,0,3.506782198,FALSE,G1,0.807443366,0.192556634,0,0
AACAAAGAGTCGTTAC-1_2,m2,16041,4380,nb,0,0,0,0,0,0,3.513524441,FALSE,G1,0.955109838,0.044890162,0,0
AACAAAGCAAGTGGAC-1_2,m2,18543,5108,nb,0,0,0,0,0,0,5.097270397,FALSE,G1,0.651041667,0.348958333,0,0
AACAAAGCAGCCTTCT-1_2,m2,9487,3135,nb,0,0,0,0,0,0,4.402073631,FALSE,G2M,0.170347003,0.389589905,0.440063091,0
AACAAAGTCTCGTGGG-1_2,m2,21963,5231,nb,0,0,0,0,0,0,4.961662759,FALSE,G2M,0.407798538,0.018683997,0.573517465,0
AACAACCCACTGTGTA-1_2,m2,4988,2009,nb,0,0,0,0,0,0,2.760694274,FALSE,G1,0.871052632,0.126315789,0.002631579,0
AACAACCCAGCCGTCA-1_2,m2,17376,5035,nb,0,0,0,0,0,0,2.902146536,FALSE,G1,0.967117988,0.032882012,0,0
AACAACCGTCCGCAGT-1_2,m2,13968,4464,nb,0,0,0,0,0,0,6.34533252,FALSE,G2M,0.043964828,0.542765787,0.413269384,0
AACAACCGTTCAAGTC-1_2,m2,37632,5801,nb,0,0,0,0,0,0,3.741537718,FALSE,S,0.56969697,0.003636364,0.426666667,0
AACAACCTCTTGGTCC-1_2,m2,30723,6374,nb,0,0,0,0,0,0,3.112610912,FALSE,S,0.591515152,0.002424242,0.406060606,0
AACAAGAAGTAGCAAT-1_2,m2,41082,6786,nb,0,0,0,0,0,0,4.598075703,FALSE,G1,0.798350137,0.135655362,0.0659945,0
AACAAGACATGTGGTT-1_2,m2,12799,4516,nb,0,0,0,0,0,0,4.34025763,FALSE,S,0.620185923,0.017264276,0.362549801,0
AACAAGAGTACCTGTA-1_2,m2,2240,1241,nb,0,0,0,0,0,0,5.856697819,FALSE,S,0.268048128,0.65842246,0.073529412,0
AACAAGATCAGCTAGT-1_2,m2,9442,3472,nb,0,0,0,0,0,0,3.704308094,FALSE,G1,0.662830061,0.337169939,0,0
AACACACGTCGTGATT-1_2,m2,19226,5008,nb,0,0,0,0,0,0,3.476462796,FALSE,G1,0.875656743,0.124343257,0,0
AACACACTCACTCCGT-1_2,m2,12280,4448,nb,0,0,0,0,0,0,3.839169909,FALSE,G1,0.931098696,0.068901304,0,0
AACACACTCGTCGGGT-1_2,m2,37798,6076,nb,0,0,0,0,0,0,2.622898204,FALSE,G1,0.700070077,0.299929923,0,0
AACCAACCAGGAGACT-1_2,m2,5003,2263,nb,0,0,0,0,0,0,3.08804205,FALSE,G1,0.794422311,0.203984064,0.001593625,0
AACCACAAGGGACAGG-1_2,m2,16987,4684,nb,0,0,0,0,0,0,2.830188679,FALSE,G2M,0.043424318,0.045905707,0.910669975,0
AACCACACAACGTTAC-1_2,m2,9785,3832,nb,0,0,0,0,0,0,2.533350436,FALSE,G1,0.799833887,0.200166113,0,0
AACCACACATAGAGGC-1_2,m2,16398,4887,nb,0,0,0,0,0,0,3.03519001,FALSE,G1,0.818330606,0.181669394,0,0
AACCACAGTCACCACG-1_2,m2,17658,4943,nb,0,0,0,0,0,0,3.208388763,FALSE,G1,0.652259332,0.347740668,0,0
AACCATGAGTTGTACC-1_2,m2,22237,5441,nb,0,0,0,0,0,0,3.659452225,FALSE,S,0.421356421,0.408369408,0.17027417,0
AACCATGCATCATGAC-1_2,m2,2637,1416,nb,0,0,0,0,0,0,4.11627907,FALSE,G1,0.721169036,0.227488152,0.051342812,0
AACCATGCATCTCATT-1_2,m2,16413,4912,nb,0,0,0,0,0,0,4.153434732,FALSE,G1,0.556946929,0.442456768,0.000596303,0
AACCATGGTCGCAGTC-1_2,m2,18648,4987,nb,0,0,0,0,0,0,2.919946317,FALSE,S,0.527950311,0.443478261,0.028571429,0
AACCCAACAATAGGGC-1_2,m2,3709,1844,nb,0,0,0,0,0,0,2.811639796,FALSE,G1,0.570043103,0.149784483,0.280172414,0
AACCCAATCTAGCAAC-1_2,m2,15694,4692,nb,0,0,0,0,0,0,3.496730699,FALSE,G1,0.708717222,0.291282778,0,0
AACCTGACACAGAGCA-1_2,m2,3928,1837,nb,0,0,0,0,0,0,3.055555556,FALSE,G1,0.749603803,0.244057052,0.006339144,0
AACCTGACAGAGTGAC-1_2,m2,2679,1379,nb,0,0,0,0,0,0,4.913949275,FALSE,G1,0.725258493,0.267355982,0.007385524,0
AACCTGAGTAGAATGT-1_2,m2,37060,6333,nb,0,0,0,0,0,0,2.724056388,FALSE,G1,0.654223969,0.345776031,0,0
AACCTGATCTTCGATT-1_2,m2,12938,4223,nb,0,0,0,0,0,0,2.46869226,FALSE,G1,0.529692471,0.470307529,0,0
AACCTTTCAACGCATT-1_2,m2,24592,5930,nb,0,0,0,0,0,0,3.055242716,FALSE,G1,0.941351889,0.051689861,0.00695825,0
AACCTTTTCATCTATC-1_2,m2,3237,1683,nb,0,0,0,0,0,0,2.43210377,FALSE,G2M,0.283492823,0.341507177,0.375,0
AACCTTTTCATGTCAG-1_2,m2,38071,6078,nb,0,0,0,0,0,0,3.363480631,FALSE,G1,0.944287063,0.055712937,0,0
AACCTTTTCGCCTAGG-1_2,m2,1089,770,nb,0,0,0,0,0,0,7.663125948,FALSE,G1,0.516765286,0.470742932,0.012491782,0
AACGAAAAGGGCCTCT-1_2,m2,5857,2821,nb,0,0,0,0,0,0,6.967889326,FALSE,G1,0.663728814,0.334915254,0.001355932,0
AACGAAACAAGTATAG-1_2,m2,999,721,nb,0,0,0,0,0,0,2.498107494,FALSE,G1,0.488163788,0.50543826,0.006397953,0
AACGGGAAGACAGCGT-1_2,m2,17754,4781,nb,0,0,0,0,0,0,4.22724918,FALSE,G1,0.991080278,0.008919722,0,0
AACGGGACAAGCCATT-1_2,m2,8805,3158,nb,0,0,0,0,0,0,3.511719062,FALSE,G1,0.739591837,0.121632653,0.13877551,0
AACGGGACACAAGTTC-1_2,m2,3798,2121,nb,0,0,0,0,0,0,6.557026912,FALSE,G1,0.672494956,0.326832549,0.000672495,0
AACGGGAGTATGAGCG-1_2,m2,7766,2949,nb,0,0,0,0,0,0,7.310820368,FALSE,G1,0.886323268,0.088809947,0.024866785,0
AACGGGAGTGGTTCTA-1_2,m2,18395,4189,nb,0,0,0,0,0,0,3.024761905,FALSE,G1,0.734363503,0.265636497,0,0
AACGTCAGTCATCAGT-1_2,m2,32973,6235,nb,0,0,0,0,0,0,3.201634877,FALSE,G1,0.699790063,0.300209937,0,0
AACGTCATCCATTCAT-1_2,m2,7625,2752,nb,0,0,0,0,0,0,2.04018227,FALSE,G1,0.794453507,0.185154976,0.020391517,0
AACTTCTAGCGAAACC-1_2,m2,51279,6722,nb,0,0,0,0,0,0,2.968384945,FALSE,G2M,0.119815668,0.260368664,0.619815668,0
AACTTCTGTAGTGATA-1_2,m2,38432,6300,nb,0,0,0,0,0,0,2.974569377,FALSE,G2M,0.107350097,0,0.892649903,0
AACTTCTGTGCTCGTG-1_2,m2,35037,6360,nb,0,0,0,0,0,0,3.300206632,FALSE,G2M,0.212698413,0.093121693,0.694179894,0
AACTTCTTCGCCAACG-1_2,m2,12593,3663,nb,0,0,0,0,0,0,3.491169395,FALSE,G2M,0,0.274181818,0.725818182,0
AAGACAAAGCACTAGG-1_2,m2,11123,4155,nb,0,0,0,0,0,0,4.120280736,FALSE,G1,0.865800866,0.134199134,0,0
AAGACAAAGCCTGCCA-1_2,m2,26675,5418,nb,0,0,0,0,0,0,2.91480919,FALSE,G1,0.889581478,0.110418522,0,0
AAGACAACAAGTGGTG-1_2,m2,53501,6655,nb,0,0,0,0,0,0,2.900891673,FALSE,G2M,0.181402439,0.019817073,0.798780488,0
AAGACAACACTGTTCC-1_2,m2,1264,642,nb,0,0,0,0,0,0,6.050029087,FALSE,G1,0.715384615,0.025,0.259615385,0
AAGACAAGTAAGATAC-1_2,m2,16067,4729,nb,0,0,0,0,0,0,3.061841946,FALSE,G1,0.910746812,0.089253188,0,0
AAGACAAGTCTGTTAG-1_2,m2,14816,4732,nb,0,0,0,0,0,0,4.07492606,FALSE,G2M,0.400789733,0.086870681,0.512339585,0
AAGACTCAGGGACAGG-1_2,m2,2929,1542,nb,0,0,0,0,0,0,6.450821683,FALSE,G1,0.755707763,0.244292237,0,0
AAGACTCCAAAGGATT-1_2,m2,39272,6725,nb,0,0,0,0,0,0,3.96187175,FALSE,G1,0.685515873,0.009920635,0.304563492,0
AAGACTCGTATTCCGA-1_2,m2,13607,4679,nb,0,0,0,0,0,0,3.339722089,FALSE,G1,0.734753857,0.265246143,0,0
AAGACTCGTTTACCTT-1_2,m2,11675,4186,nb,0,0,0,0,0,0,3.05796942,FALSE,G1,0.524934383,0.475065617,0,0
AAGACTCTCCCTCAAC-1_2,m2,18964,5128,nb,0,0,0,0,0,0,3.050441225,FALSE,G1,0.679769895,0.306807287,0.013422819,0
AAGATAGAGCTTGTGT-1_2,m2,939,659,nb,0,0,0,0,0,0,9.91672975,FALSE,G1,0.75534645,0.22326775,0.0213858,0
AAGATAGCAGCGAACA-1_2,m2,8297,3523,nb,0,0,0,0,0,0,4.933678421,FALSE,G1,0.762776506,0.236460717,0.000762777,0
AAGATAGTCCACTAGA-1_2,m2,21770,5444,nb,0,0,0,0,0,0,3.447122838,FALSE,G1,0.892857143,0.107142857,0,0
AAGCATCCACTTTAGG-1_2,m2,3618,1802,nb,0,0,0,0,0,0,2.322372959,FALSE,G1,0.697318008,0.230651341,0.072030651,0
AAGCCATAGGAAGTAG-1_2,m2,37763,6388,nb,0,0,0,0,0,0,3.750444033,FALSE,G2M,0.009127789,0.013184584,0.977687627,0
AAGCCATCATCCGATA-1_2,m2,22486,5760,TCCAGTCGTAACGATACCG,1.038934206,21162.05084,0.036875385,3101.21989,TCCAGTCGTAACGATACCG_ET27b_M1,0,3.589468367,TRUE,G2M,0.003937008,0.011811024,0.984251969,0.96572313
AAGCGAGCACTCCTGT-1_2,m2,3464,1710,nb,0,0,0,0,0,0,2.319474836,FALSE,G1,0.938476563,0.033203125,0.028320313,0
AAGCGTTAGAGGACTC-1_2,m2,20731,5515,nb,0,0,0,0,0,0,6.056847179,FALSE,G1,0.403950954,0.594686649,0.001362398,0
AAGCGTTAGGTCTGGA-1_2,m2,22303,5521,TCCAACTACTATCGTTACGACTACTACCG,0,0,0,0,TCCAACTACTATCGTTACGACTACTACCG_ET27b_M1,5.30E-06,3.010675303,TRUE,G1,0.395302013,0.603355705,0.001342282,0
AAGCGTTGTCAGTTTG-1_2,m2,7833,2792,nb,0,0,0,0,0,0,3.030602172,FALSE,G1,0.785,0.069166667,0.145833333,0
AAGGAATAGCACTCTA-1_2,m2,7911,2990,nb,0,0,0,0,0,0,2.922399065,FALSE,G1,0.745192308,0.106971154,0.147836538,0
AAGGAATGTCGGAACA-1_2,m2,9395,2911,nb,0,0,0,0,0,0,2.455232233,FALSE,G1,0.867857143,0.090178571,0.041964286,0
AAGGAATGTGCATGAG-1_2,m2,20359,4599,nb,0,0,0,0,0,0,3.761694132,FALSE,G1,0.886509636,0.020342612,0.093147752,0
AAGGTAATCACCCTGT-1_2,m2,15186,5110,nb,0,0,0,0,0,0,4.749873674,FALSE,G1,0.922509225,0.076568266,0.000922509,0
AAGTCGTAGTGGAATT-1_2,m2,62117,7069,nb,0,0,0,0,0,0,3.194803702,FALSE,G2M,0.09371672,0.001064963,0.905218317,0
AAGTCGTGTGATGAAT-1_2,m2,12461,4108,nb,0,0,0,0,0,0,2.462908012,FALSE,G2M,0.009813543,0.231599607,0.75858685,0
AAGTGAAAGCATACTC-1_2,m2,20142,5612,nb,0,0,0,0,0,0,3.392473491,FALSE,G1,0.807941653,0.192058347,0,0
AAGTTCGGTGTTCCAA-1_2,m2,9277,3721,nb,0,0,0,0,0,0,3.572402509,FALSE,G1,0.947768281,0.035137702,0.017094017,0
AATAGAGAGAGTCGAC-1_2,m2,14730,4476,nb,0,0,0,0,0,0,4.235435332,FALSE,G1,0.782122905,0.21707901,0.000798085,0
AATAGAGGTGAGCAGT-1_2,m2,36619,6065,nb,0,0,0,0,0,0,2.787590372,FALSE,G1,0.639512508,0.360487492,0,0
AATAGAGGTGCCCACA-1_2,m2,49617,6679,nb,0,0,0,0,0,0,3.066690536,FALSE,G2M,0.158536585,0.00101626,0.840447154,0
AATAGAGTCCGTATGA-1_2,m2,8534,3570,nb,0,0,0,0,0,0,3.887766878,FALSE,G1,0.611353712,0.382407985,0.006238303,0
AATCACGCACGGCACT-1_2,m2,22937,5557,nb,0,0,0,0,0,0,2.915811088,FALSE,G1,0.864035088,0.135964912,0,0
AATCACGGTACGATTC-1_2,m2,6817,2619,nb,0,0,0,0,0,0,5.68881075,FALSE,G1,0.931034483,0.034482759,0.034482759,0
AATCGACCAAGAGTTA-1_2,m2,36626,6527,nb,0,0,0,0,0,0,4.192676429,FALSE,G2M,0.023445464,0.034658512,0.941896024,0
AATCGACTCCATTCGC-1_2,m2,6323,2544,nb,0,0,0,0,0,0,2.545877488,FALSE,G1,0.719020173,0.280979827,0,0
AATCGACTCGCTGTCT-1_2,m2,36332,6028,nb,0,0,0,0,0,0,2.72281579,FALSE,S,0.406887755,0.271683673,0.321428571,0
AATCGTGAGGAGAGTA-1_2,m2,26653,5649,nb,0,0,0,0,0,0,5.049668874,FALSE,S,0.641655886,0.002587322,0.355756792,0
AATCGTGAGGGTGAAA-1_2,m2,58223,7016,nb,0,0,0,0,0,0,2.226035503,FALSE,G2M,0.011206897,0.401724138,0.587068966,0
AATCGTGGTCGGTGTC-1_2,m2,11777,4132,nb,0,0,0,0,0,0,4.187986652,FALSE,G1,0.786782061,0.213217939,0,0
AATGAAGAGCCGTTAT-1_2,m2,20966,5525,nb,0,0,0,0,0,0,3.969435348,FALSE,G2M,0.09068323,0.068322981,0.840993789,0
AATGAAGCAAGGCTTT-1_2,m2,25574,5619,nb,0,0,0,0,0,0,2.825086771,FALSE,G1,0.8444666,0.131605184,0.023928215,0
AATGAAGTCTGCATAG-1_2,m2,1120,845,nb,0,0,0,0,0,0,3.767897513,FALSE,G1,0.467219917,0.068879668,0.463900415,0
AATGACCAGGTTCTTG-1_2,m2,2101,1227,nb,0,0,0,0,0,0,4.828551435,FALSE,G1,0.769957082,0.113304721,0.116738197,0
AATGACCTCCAATGCA-1_2,m2,12462,4300,nb,0,0,0,0,0,0,9.309669677,FALSE,G2M,0,0.126637555,0.873362445,0
AATGCCACACGGCGTT-1_2,m2,58268,6832,nb,0,0,0,0,0,0,2.342653568,FALSE,S,0.863883848,0.061705989,0.074410163,0
AATGCCAGTAGAGGAA-1_2,m2,2710,1401,TCCAGTCGTAACGATACCG,1.038934206,21162.05084,0.036875385,3101.21989,TCCAGTCGTAACGATACCG_ET27b_M1,0,3.291744093,TRUE,G1,0.440090857,0.55479841,0.005110733,0.96572313
AATGCCATCACAATGC-1_2,m2,31194,6267,nb,0,0,0,0,0,0,3.000789681,FALSE,G2M,0.006361323,0.057251908,0.936386768,0
AATGCCATCATAGAGA-1_2,m2,50995,6767,nb,0,0,0,0,0,0,2.310362332,FALSE,G1,0.758887172,0.241112828,0,0
AATGCCATCTGCCTCA-1_2,m2,30888,5969,nb,0,0,0,0,0,0,3.999913609,FALSE,G1,0.563697858,0.436302142,0,0
AATGCCATCTTACGGA-1_2,m2,10223,3464,nb,0,0,0,0,0,0,3.107739892,FALSE,G1,0.854561102,0.10929432,0.036144578,0
AATGGAAAGTCATCGT-1_2,m2,23622,3530,nb,0,0,0,0,0,0,2.152807092,FALSE,G2M,0.014749263,0.003933137,0.981317601,0
AATGGAACAGAGGCAT-1_2,m2,10051,3844,nb,0,0,0,0,0,0,5.000998868,FALSE,G1,0.89047195,0.10952805,0,0
AATGGAAGTTTACACG-1_2,m2,14475,4676,nb,0,0,0,0,0,0,5.407400572,FALSE,G2M,0,0.258208955,0.741791045,0
AATGGCTCATGTGCCG-1_2,m2,19062,5320,nb,0,0,0,0,0,0,2.587180452,FALSE,G1,0.823577906,0.176422094,0,0
AATGGCTGTTTCACTT-1_2,m2,15098,4922,nb,0,0,0,0,0,0,6.044494193,FALSE,G1,0.863557858,0.136442142,0,0
AATTCCTAGCACACAG-1_2,m2,20719,5457,nb,0,0,0,0,0,0,4.525067278,FALSE,G1,0.9765625,0.0234375,0,0
AATTCCTTCAGACCGC-1_2,m2,36394,6783,nb,0,0,0,0,0,0,4.22754056,FALSE,G2M,0.003891051,0.244357977,0.751750973,0
AATTCCTTCGCTAAAC-1_2,m2,920,721,nb,0,0,0,0,0,0,2.473206925,FALSE,S,0.291919192,0.238383838,0.46969697,0
AATTTCCCAACCAGAG-1_2,m2,2646,1021,nb,0,0,0,0,0,0,5.352315733,FALSE,G1,0.446406053,0.553593947,0,0
AATTTCCTCAGTCACA-1_2,m2,14262,4814,nb,0,0,0,0,0,0,5.243737657,FALSE,G1,0.560733384,0.311688312,0.127578304,0
ACAAAGAGTAACGCGA-1_2,m2,3939,1955,nb,0,0,0,0,0,0,3.723749729,FALSE,G1,0.488217213,0.493340164,0.018442623,0
ACAAAGATCTACGGTA-1_2,m2,22111,5308,nb,0,0,0,0,0,0,2.778625954,FALSE,G1,0.963366337,0.035643564,0.000990099,0
ACAACCAAGATGCCGA-1_2,m2,52172,6858,nb,0,0,0,0,0,0,3.874861901,FALSE,G2M,0.135755258,0.000956023,0.863288719,0
ACAACCACACCCTGAG-1_2,m2,46787,6386,nb,0,0,0,0,0,0,2.989536622,FALSE,G1,0.914913083,0.085086917,0,0
ACAACCACAGGTAGTG-1_2,m2,13862,1226,nb,0,0,0,0,0,0,6.255685396,FALSE,G2M,0.026951673,0.044609665,0.928438662,0
ACAACCAGTGAGATAT-1_2,m2,8878,2976,nb,0,0,0,0,0,0,3.052576963,FALSE,G1,0.863240418,0.114111498,0.022648084,0
ACAAGCTGTGGAACAC-1_2,m2,15046,4878,nb,0,0,0,0,0,0,3.58677287,FALSE,G1,0.831111111,0.161777778,0.007111111,0
ACAAGCTGTTCTCGCT-1_2,m2,24269,5429,nb,0,0,0,0,0,0,2.625363125,FALSE,G1,0.879295154,0.120704846,0,0
ACACAGTAGGTGCTTT-1_2,m2,30600,6250,nb,0,0,0,0,0,0,3.885100227,FALSE,G2M,0.004643963,0.292569659,0.702786378,0
ACACCAAAGTCCGTCG-1_2,m2,2249,1309,nb,0,0,0,0,0,0,2.371949123,FALSE,G1,0.490510949,0.402189781,0.10729927,0
ACACCAAGTTTCGTGA-1_2,m2,20191,5278,nb,0,0,0,0,0,0,3.836110192,FALSE,G1,0.700902935,0.191873589,0.107223476,0
ACACCAAGTTTCTTAC-1_2,m2,10500,3463,nb,0,0,0,0,0,0,3.684013478,FALSE,G2M,0,0.033816425,0.966183575,0
ACACGCGAGATCCAAA-1_2,m2,16380,4994,nb,0,0,0,0,0,0,3.663617056,FALSE,G1,0.62150404,0.37849596,0,0
ACACGCGAGTTAGTGA-1_2,m2,51908,6566,nb,0,0,0,0,0,0,4.022317743,FALSE,G1,0.876130199,0.123869801,0,0
ACACGCGCAGCTACTA-1_2,m2,10181,3061,nb,0,0,0,0,0,0,3.063023358,FALSE,G1,0.909677419,0.074654378,0.015668203,0
ACACGCGCATAGTCGT-1_2,m2,26826,6046,nb,0,0,0,0,0,0,5.002397718,FALSE,G2M,0,0.238749047,0.761250953,0
ACACGCGGTTGGCCGT-1_2,m2,26027,5536,TCCAGTCGTAACGATACCG,1.038934206,21162.05084,0.036875385,3101.21989,TCCAGTCGTAACGATACCG_ET27b_M1,0,2.564549461,TRUE,G1,0.738552437,0.261447563,0,0.96572313
ACACTGACACTTCAGA-1_2,m2,7038,2733,nb,0,0,0,0,0,0,3.776256785,FALSE,S,0.185185185,0.535290007,0.279524808,0
ACAGCCGCAAGCGAGT-1_2,m2,16957,4503,nb,0,0,0,0,0,0,3.966057923,FALSE,G1,0.898472597,0.101527403,0,0
ACAGCCGTCTTGGATG-1_2,m2,16954,5102,nb,0,0,0,0,0,0,4.203410901,FALSE,G2M,0.130193906,0.000923361,0.868882733,0
ACAGGGAAGTCCCTAA-1_2,m2,7812,3313,nb,0,0,0,0,0,0,4.232260106,FALSE,G1,0.951428571,0.046666667,0.001904762,0
ACAGGGACAAATAAGC-1_2,m2,1888,1030,nb,0,0,0,0,0,0,4.252352736,FALSE,G1,0.675945753,0.293361884,0.030692363,0
ACAGGGATCCGCACTT-1_2,m2,21801,5439,nb,0,0,0,0,0,0,4.37472794,FALSE,G1,0.513347023,0.486652977,0,0
ACAGGGATCGACATTG-1_2,m2,19758,5161,nb,0,0,0,0,0,0,3.921843266,FALSE,G1,0.848639456,0.151360544,0,0
ACATCCCGTACACTCA-1_2,m2,34617,5815,nb,0,0,0,0,0,0,2.196544761,FALSE,G1,0.822899506,0.177100494,0,0
ACATCGATCGTGCAGC-1_2,m2,27778,6145,nb,0,0,0,0,0,0,4.92734343,FALSE,G2M,0.002982107,0.004970179,0.992047714,0
ACATGCATCGAAGCAG-1_2,m2,12523,4273,nb,0,0,0,0,0,0,4.07181789,FALSE,G1,0.604960678,0.395039322,0,0
ACATGCATCGTGCATA-1_2,m2,6100,2843,nb,0,0,0,0,0,0,9.247782234,FALSE,G1,0.89047195,0.10952805,0,0
ACATTTCCATGACGTT-1_2,m2,9596,3966,nb,0,0,0,0,0,0,3.415453527,FALSE,G1,0.536231884,0.463768116,0,0
ACATTTCGTACTGACT-1_2,m2,29362,6029,nb,0,0,0,0,0,0,4.214204716,FALSE,G1,0.986179664,0.013820336,0,0
ACCAAACAGTCTTGGT-1_2,m2,18844,5323,nb,0,0,0,0,0,0,3.807959109,FALSE,G2M,0.009118541,0,0.990881459,0
ACCAAACCAAACTGCT-1_2,m2,2966,1388,nb,0,0,0,0,0,0,6.692160612,FALSE,G1,0.498710676,0.501289324,0,0
ACCAAACGTGAGACCA-1_2,m2,51055,6593,nb,0,0,0,0,0,0,4.304543297,FALSE,S,0.181818182,0.579178886,0.239002933,0
ACCAACACAAAGACTA-1_2,m2,31137,5751,nb,0,0,0,0,0,0,7.423149155,FALSE,G2M,0.011668611,0.131855309,0.856476079,0
ACCAACACAGGACAGT-1_2,m2,50883,6815,nb,0,0,0,0,0,0,3.197390355,FALSE,G1,0.98628692,0.012658228,0.001054852,0
ACCAACAGTCTGATAC-1_2,m2,1287,859,nb,0,0,0,0,0,0,2.804377565,FALSE,G1,0.570603338,0.005776637,0.423620026,0
ACCAACAGTGTTTACG-1_2,m2,8145,3328,nb,0,0,0,0,0,0,9.230136705,FALSE,G1,0.404671717,0.549242424,0.046085859,0
ACCAACAGTTCCTAAG-1_2,m2,44554,6240,nb,0,0,0,0,0,0,3.509195347,FALSE,G1,0.896057348,0.103942652,0,0
ACCACAAAGAAGCTCG-1_2,m2,17110,4865,nb,0,0,0,0,0,0,3.679778521,FALSE,G1,0.817801047,0.179057592,0.003141361,0
ACCACAAGTGCAATAA-1_2,m2,16976,5006,nb,0,0,0,0,0,0,4.387198148,FALSE,G1,0.928571429,0.005252101,0.066176471,0
ACCACAATCCACATAG-1_2,m2,1365,726,nb,0,0,0,0,0,0,4.928131417,FALSE,G2M,0.204528302,0.11245283,0.683018868,0
ACCATTTAGAGTTCGG-1_2,m2,50391,6694,nb,0,0,0,0,0,0,2.706032168,FALSE,G1,0.720073665,0.238489871,0.041436464,0
ACCCTCAAGCTTAAGA-1_2,m2,9830,3868,nb,0,0,0,0,0,0,5.724282715,FALSE,G1,0.622277536,0.377722464,0,0
ACCCTCAAGGAAGTCC-1_2,m2,12824,3637,nb,0,0,0,0,0,0,3.817527011,FALSE,G1,0.902439024,0.039747064,0.057813911,0
ACCCTTGAGTATGTAG-1_2,m2,8495,3446,nb,0,0,0,0,0,0,4.680819696,FALSE,G1,0.683506686,0.282317979,0.034175334,0
ACCCTTGTCGCGCCAA-1_2,m2,13175,4396,nb,0,0,0,0,0,0,3.894671207,FALSE,G1,0.944287063,0.055712937,0,0
ACCCTTGTCTCTGCTG-1_2,m2,17230,4803,nb,0,0,0,0,0,0,2.515795083,FALSE,G1,0.968054211,0.030977735,0.000968054,0
ACCGTTCAGATAACAC-1_2,m2,31135,6125,nb,0,0,0,0,0,0,2.860306715,FALSE,G1,0.724112962,0.275887038,0,0
ACCGTTCAGCTGTCCG-1_2,m2,1392,806,nb,0,0,0,0,0,0,3.85448246,FALSE,S,0.291543027,0.590504451,0.117952522,0
ACCGTTCAGTTGGAAT-1_2,m2,15839,4533,nb,0,0,0,0,0,0,3.170790295,FALSE,G2M,0,0.001001001,0.998998999,0
ACCGTTCCAGGCCTGT-1_2,m2,9121,3550,nb,0,0,0,0,0,0,3.394445453,FALSE,G1,0.665545087,0.333781965,0.000672948,0
ACCGTTCGTACATACC-1_2,m2,4954,2304,nb,0,0,0,0,0,0,2.454840204,FALSE,G2M,0.033041788,0.01068999,0.956268222,0
ACCGTTCGTCCAAGAG-1_2,m2,7382,3125,nb,0,0,0,0,0,0,4.682659113,FALSE,G1,0.770416025,0.229583975,0,0
ACCGTTCTCTGGAGAG-1_2,m2,16724,4961,nb,0,0,0,0,0,0,3.041060736,FALSE,G2M,0.000995025,0.004975124,0.994029851,0
ACCTACCCAACTCCAA-1_2,m2,18803,5154,nb,0,0,0,0,0,0,2.774575073,FALSE,S,0.46991404,0.020057307,0.510028653,0
ACCTACCGTCAAAGTA-1_2,m2,31329,5659,nb,0,0,0,0,0,0,3.154229078,FALSE,G1,0.891265597,0.108734403,0,0
ACCTGAAAGTCCGCCA-1_2,m2,36451,6165,nb,0,0,0,0,0,0,3.252278486,FALSE,G1,0.724637681,0.275362319,0,0
ACCTGAACATTGCCGG-1_2,m2,13113,3501,nb,0,0,0,0,0,0,3.208864778,FALSE,G1,0.720524017,0.278020378,0.001455604,0
ACCTGAAGTCGAAGCA-1_2,m2,5801,1221,nb,0,0,0,0,0,0,2.336448598,FALSE,G1,0.588306209,0.411693791,0,0
ACCTGTCTCAAGTCTG-1_2,m2,22938,5833,nb,0,0,0,0,0,0,3.335647659,FALSE,G2M,0,0.001996008,0.998003992,0
ACCTGTCTCCGCGATG-1_2,m2,17006,4466,nb,0,0,0,0,0,0,5.863857242,FALSE,G1,0.51636162,0.48363838,0,0
ACCTGTCTCGGCCCAA-1_2,m2,40786,6555,nb,0,0,0,0,0,0,3.350075339,FALSE,G2M,0,0.000999001,0.999000999,0
ACGATCAAGCCAAGCA-1_2,m2,32652,5724,nb,0,0,0,0,0,0,4.305478929,FALSE,G1,0.884955752,0.115044248,0,0
ACGATCACATCCGAAT-1_2,m2,19371,5022,nb,0,0,0,0,0,0,2.965058236,FALSE,G1,0.979431929,0.020568071,0,0
ACGATCAGTAGGTGCA-1_2,m2,14047,3832,nb,0,0,0,0,0,0,3.43787046,FALSE,G1,0.704721635,0.295278365,0,0
ACGATCATCATCCTAT-1_2,m2,10403,3422,nb,0,0,0,0,0,0,4.734876774,FALSE,G1,0.88028169,0.10915493,0.01056338,0
ACGATGTGTGTATCCA-1_2,m2,33247,5761,nb,0,0,0,0,0,0,3.359215702,FALSE,G1,0.589349112,0.410650888,0,0
ACGCACGGTTGGGACA-1_2,m2,5245,2551,nb,0,0,0,0,0,0,8.340999693,FALSE,G1,0.568023256,0.431976744,0,0
ACGGAAGAGCTGAAAT-1_2,m2,1496,1036,nb,0,0,0,0,0,0,9.487459106,FALSE,G1,0.679699248,0.14887218,0.171428571,0
ACGGAAGTCTCATTGT-1_2,m2,18695,4878,nb,0,0,0,0,0,0,2.779117019,FALSE,G2M,0.003021148,0.008056395,0.988922457,0
ACGGGTCAGTAATCCC-1_2,m2,9886,3921,nb,0,0,0,0,0,0,3.752018884,FALSE,G1,0.987166831,0.008884501,0.003948667,0
ACGGGTCCAGCTACAT-1_2,m2,1628,1126,nb,0,0,0,0,0,0,3.927344134,FALSE,G2M,0.031271716,0.418346074,0.55038221,0
ACGGTTAAGCTAGAAT-1_2,m2,18332,5378,nb,0,0,0,0,0,0,4.659817794,FALSE,G2M,0,0.318336742,0.681663258,0
ACGGTTACAAGAAACT-1_2,m2,16935,4989,nb,0,0,0,0,0,0,2.985476062,FALSE,G1,0.859106529,0.140893471,0,0
ACGTAACCAGCACACC-1_2,m2,28617,5411,nb,0,0,0,0,0,0,2.436125966,FALSE,G2M,0.01476378,0.001968504,0.983267717,0
ACGTAACGTACTGACT-1_2,m2,32975,6103,nb,0,0,0,0,0,0,3.852624854,FALSE,G1,0.662690524,0.337309476,0,0
ACGTACACACATGACT-1_2,m2,30424,5894,nb,0,0,0,0,0,0,4.430478136,FALSE,G1,0.800640512,0.199359488,0,0
ACGTACACATGGATCT-1_2,m2,18926,5170,nb,0,0,0,0,0,0,3.205708697,FALSE,G2M,0,0.017681729,0.982318271,0
ACGTACAGTCGCATTA-1_2,m2,7549,2949,nb,0,0,0,0,0,0,7.541524812,FALSE,G1,0.775641026,0.177655678,0.046703297,0
ACGTACAGTCGTTTCC-1_2,m2,9314,3497,TCCAGTCGTAACGATACCG,1.038934206,21162.05084,0.036875385,3101.21989,TCCAGTCGTAACGATACCG_ET27b_M1,0,3.037230568,TRUE,G1,0.962355212,0.037644788,0,0.96572313
ACGTAGTAGATCACTC-1_2,m2,6298,2504,nb,0,0,0,0,0,0,4.362591432,FALSE,G2M,0,0.206978588,0.793021412,0
ACGTAGTTCTGTGCTC-1_2,m2,8826,2968,nb,0,0,0,0,0,0,2.374646086,FALSE,G1,0.452693824,0.344283837,0.203022339,0
ACGTTCCAGAGGTCGT-1_2,m2,2339,1421,nb,0,0,0,0,0,0,5.119124276,FALSE,G1,0.62541806,0.282943144,0.091638796,0
ACGTTCCAGCACGTCC-1_2,m2,4075,1064,nb,0,0,0,0,0,0,6.862060944,FALSE,G2M,0.015658363,0.301779359,0.682562278,0
ACTACGAAGCGTATAA-1_2,m2,32396,5842,nb,0,0,0,0,0,0,3.170928553,FALSE,G1,0.625782228,0.374217772,0,0
ACTACGACAATCCTTT-1_2,m2,6055,2663,nb,0,0,0,0,0,0,3.460163432,FALSE,G1,0.66002656,0.33997344,0,0
ACTACGAGTATCGCGC-1_2,m2,52656,6787,nb,0,0,0,0,0,0,2.129330547,FALSE,G2M,0.309385863,0.013904983,0.676709154,0
ACTATCTAGACTTCCA-1_2,m2,2621,1496,nb,0,0,0,0,0,0,5.771924909,FALSE,G1,0.711638251,0.28391401,0.004447739,0
ACTATCTTCCCGTGTT-1_2,m2,11241,4162,nb,0,0,0,0,0,0,4.843218279,FALSE,G1,0.534482759,0.465517241,0,0
ACTATTCAGCTGCCAC-1_2,m2,8610,3492,nb,0,0,0,0,0,0,5.313394846,FALSE,G2M,0.043604651,0.002906977,0.953488372,0
ACTATTCGTACGGATG-1_2,m2,20819,5455,nb,0,0,0,0,0,0,3.15883877,FALSE,G2M,0.01994302,0.045584046,0.934472934,0
ACTATTCGTGTTGATC-1_2,m2,47415,6370,nb,0,0,0,0,0,0,3.734718826,FALSE,G2M,0.254634146,0.002926829,0.742439024,0
ACTCCCACACTACCGG-1_2,m2,2705,1325,nb,0,0,0,0,0,0,9.234507898,FALSE,G1,0.520877565,0.474168436,0.004953999,0
ACTCCCAGTGACTGAG-1_2,m2,49769,6700,nb,0,0,0,0,0,0,4.140191484,FALSE,G1,0.649529327,0.350470673,0,0
ACTCTCGAGATCGCTT-1_2,m2,18714,5213,nb,0,0,0,0,0,0,3.31363689,FALSE,G2M,0,0.026290166,0.973709834,0
ACTCTCGAGGCGTTAG-1_2,m2,20898,5468,TCCAGTCGTAACGATACCG,1.038934206,21162.05084,0.036875385,3101.21989,TCCAGTCGTAACGATACCG_ET27b_M1,0,3.755722014,TRUE,G2M,0,0.38499385,0.61500615,0.96572313
ACTCTCGCAGCTTCGG-1_2,m2,28356,5850,nb,0,0,0,0,0,0,4.391962361,FALSE,G2M,0.041338583,0,0.958661417,0
ACTCTCGGTTGAGAGC-1_2,m2,3621,1561,nb,0,0,0,0,0,0,3.386960203,FALSE,G1,0.96963761,0.023506366,0.006856024,0
ACTGATGAGATGTAGT-1_2,m2,35358,5650,nb,0,0,0,0,0,0,2.064384483,FALSE,S,0.332335329,0.011976048,0.655688623,0
ACTGCAACAAGGTTGG-1_2,m2,20867,5309,nb,0,0,0,0,0,0,3.079307324,FALSE,G1,0.769822941,0.230177059,0,0
ACTGCAAGTCCAAATC-1_2,m2,49833,6429,nb,0,0,0,0,0,0,2.661005973,FALSE,S,0.740298507,0.032835821,0.226865672,0
ACTGCAAGTTAGTCGT-1_2,m2,4447,1941,nb,0,0,0,0,0,0,2.035466461,FALSE,G1,0.616342412,0.19766537,0.185992218,0
ACTGTCCAGCTCTTCC-1_2,m2,7075,2708,nb,0,0,0,0,0,0,4.381413582,FALSE,G1,0.929906542,0.05046729,0.019626168,0
ACTGTCCCAGCGGATA-1_2,m2,9516,3653,nb,0,0,0,0,0,0,3.788293217,FALSE,G1,0.913602941,0.080882353,0.005514706,0
ACTGTGAAGGTTCCAT-1_2,m2,14755,4429,nb,0,0,0,0,0,0,4.174736389,FALSE,G1,0.353741497,0.640136054,0.006122449,0
ACTGTGACACGTACAT-1_2,m2,15556,4704,nb,0,0,0,0,0,0,4.803107893,FALSE,G1,0.801169591,0.19047619,0.008354219,0
ACTTAGGCAACGATTC-1_2,m2,9683,3984,nb,0,0,0,0,0,0,4.602007635,FALSE,G1,0.58411215,0.41588785,0,0
ACTTAGGCACTGATTG-1_2,m2,2847,1581,nb,0,0,0,0,0,0,2.058504875,FALSE,G1,0.928436911,0.035781544,0.035781544,0
ACTTAGGCAGCAGAAC-1_2,m2,8457,2867,nb,0,0,0,0,0,0,2.539242844,FALSE,G1,0.829145729,0.169179229,0.001675042,0
ACTTAGGTCCCGATCT-1_2,m2,11719,4270,nb,0,0,0,0,0,0,3.174690813,FALSE,G1,0.624528302,0.375471698,0,0
ACTTATCAGGTATAGT-1_2,m2,14946,4799,nb,0,0,0,0,0,0,4.93668563,FALSE,G2M,0,0.305072967,0.694927033,0
ACTTCCGCAGCTGTCG-1_2,m2,7709,2744,nb,0,0,0,0,0,0,3.866666667,FALSE,G1,0.706283119,0.071915216,0.221801665,0
ACTTCGCAGCCTCCAG-1_2,m2,32300,6279,nb,0,0,0,0,0,0,3.640807651,FALSE,G2M,0.001996008,0,0.998003992,0
ACTTCGCAGCTAGTTC-1_2,m2,2779,1450,nb,0,0,0,0,0,0,2.960752812,FALSE,G1,0.857667585,0.079889807,0.062442608,0
ACTTCGCCATTCACCC-1_2,m2,27920,6559,nb,0,0,0,0,0,0,3.145981201,FALSE,G1,0.980392157,0.019607843,0,0
ACTTTCAAGCGTCAGA-1_2,m2,19911,5369,nb,0,0,0,0,0,0,3.604929819,FALSE,G2M,0.010858835,0.0029615,0.986179664,0
ACTTTCACAGGTTCGC-1_2,m2,16706,5012,nb,0,0,0,0,0,0,2.616740788,FALSE,G1,0.666666667,0.333333333,0,0
AGAAATGAGTGAGTTA-1_2,m2,3708,1283,nb,0,0,0,0,0,0,3.841356947,FALSE,G1,0.543115438,0.0945758,0.362308762,0
AGAAATGGTCAGACGA-1_2,m2,69703,6604,nb,0,0,0,0,0,0,2.741483771,FALSE,S,0.430284858,0.125937031,0.443778111,0
AGAACAATCAGTCAGT-1_2,m2,9411,3811,nb,0,0,0,0,0,0,3.218124477,FALSE,G1,0.946969697,0.053030303,0,0
AGAACAATCGCCAGTG-1_2,m2,11838,4213,nb,0,0,0,0,0,0,2.914136067,FALSE,G1,0.534084809,0.465915191,0,0
AGAACCTCAAGCTCTA-1_2,m2,2755,1404,nb,0,0,0,0,0,0,3.732338043,FALSE,G1,0.537900056,0.461538462,0.000561482,0
AGAACCTCACATATCG-1_2,m2,11660,4315,nb,0,0,0,0,0,0,4.344813249,FALSE,G2M,0.001836547,0.167125803,0.831037649,0
AGAACCTCACGTCGGT-1_2,m2,15361,4692,nb,0,0,0,0,0,0,5.353634578,FALSE,G2M,0.154450262,0.328097731,0.517452007,0
AGAACCTCACTAACGT-1_2,m2,6189,2835,TCCGATCTACTATCGTTACGTAGCTACTACCG,0,0,0,0,TCCGATCTACTATCGTTACGTAGCTACTACCG_ET27b_M1,0.000107182,4.416805406,TRUE,G1,0.954154728,0.045845272,0,0
AGAACCTTCGCCATAA-1_2,m2,17105,4873,nb,0,0,0,0,0,0,2.87098024,FALSE,G1,0.729394602,0.270605398,0,0
AGAAGCGAGGTCACAG-1_2,m2,9657,3827,nb,0,0,0,0,0,0,8.818828999,FALSE,G1,0.784313725,0.214901961,0.000784314,0
AGAAGTAAGAACCCGA-1_2,m2,19105,5206,nb,0,0,0,0,0,0,8.009053077,FALSE,S,0.46325167,0.493318486,0.043429844,0
AGAAGTAAGGTAGGCT-1_2,m2,43119,6575,nb,0,0,0,0,0,0,3.197753275,FALSE,G1,0.576405868,0.423594132,0,0
AGAAGTAGTACCCGAC-1_2,m2,1387,610,nb,0,0,0,0,0,0,4.97382199,FALSE,G1,0.503051439,0.442022668,0.054925894,0
AGAAGTAGTTAGGCCC-1_2,m2,7345,2616,nb,0,0,0,0,0,0,6.684037612,FALSE,G1,0.847269625,0.104095563,0.048634812,0
AGACAAAAGGCACTAG-1_2,m2,39920,6238,nb,0,0,0,0,0,0,2.178147389,FALSE,G1,0.589403974,0.039735099,0.370860927,0
AGACAAACACACAGAG-1_2,m2,4581,2055,nb,0,0,0,0,0,0,5.298390543,FALSE,G1,0.662027833,0.337309476,0.000662691,0
AGACAAACAGTTAAAG-1_2,m2,16162,4472,nb,0,0,0,0,0,0,4.139700079,FALSE,G1,0.945192308,0.052884615,0.001923077,0
AGACACTCAATTGTGC-1_2,m2,7170,2821,nb,0,0,0,0,0,0,2.405180389,FALSE,G1,0.896363636,0.094545455,0.009090909,0
AGACAGGCACATACTG-1_2,m2,10620,3457,nb,0,0,0,0,0,0,2.930121961,FALSE,G1,0.665771812,0.332885906,0.001342282,0
AGACAGGCAGCAGGAT-1_2,m2,3900,1921,nb,0,0,0,0,0,0,3.157457416,FALSE,G1,0.966067864,0.017964072,0.015968064,0
AGACAGGGTCCGATCG-1_2,m2,12854,3988,nb,0,0,0,0,0,0,3.139776811,FALSE,G1,0.916283349,0.047838086,0.035878565,0
AGACAGGTCTGGGCAC-1_2,m2,30520,6476,nb,0,0,0,0,0,0,2.771685876,FALSE,S,0.03649635,0.610705596,0.352798054,0
AGACCATCATTCTTCA-1_2,m2,9416,3855,nb,0,0,0,0,0,0,7.229965157,FALSE,G1,0.912451362,0.035019455,0.052529183,0
AGACCCGCATAACAGA-1_2,m2,29689,5667,nb,0,0,0,0,0,0,2.586525702,FALSE,G1,0.566505441,0.433494559,0,0
AGACTCACAAGATTGA-1_2,m2,18066,5343,nb,0,0,0,0,0,0,5.909499306,FALSE,G2M,0.01054339,0.208434712,0.781021898,0
AGACTCAGTCATCACA-1_2,m2,27164,6008,nb,0,0,0,0,0,0,4.006541292,FALSE,G2M,0.190101237,0.025871766,0.784026997,0
AGAGAATAGGGACACT-1_2,m2,15347,4531,nb,0,0,0,0,0,0,2.967317188,FALSE,G1,0.904159132,0.095840868,0,0
AGAGAATCAGTCGCAC-1_2,m2,3052,1496,nb,0,0,0,0,0,0,8.859259259,FALSE,G1,0.78113879,0.045373665,0.173487544,0
AGAGAGCAGCAGTACG-1_2,m2,32722,5755,nb,0,0,0,0,0,0,3.270993586,FALSE,G2M,0.031280547,0.007820137,0.960899316,0
AGAGAGCAGCCTTTGA-1_2,m2,1805,1053,nb,0,0,0,0,0,0,7.796340493,FALSE,G1,0.602930403,0.365567766,0.031501832,0
AGAGAGCAGCGGACAT-1_2,m2,22660,5378,nb,0,0,0,0,0,0,6.100893488,FALSE,G1,0.631410256,0.368589744,0,0
AGAGAGCCACGATAGG-1_2,m2,11687,4097,nb,0,0,0,0,0,0,3.951113343,FALSE,G1,0.510847107,0.489152893,0,0
AGAGAGCGTAGCGTAG-1_2,m2,7347,3273,nb,0,0,0,0,0,0,5.074081591,FALSE,G1,0.610500611,0.389499389,0,0
AGAGAGCTCGCTTAAG-1_2,m2,23451,5303,nb,0,0,0,0,0,0,3.959629555,FALSE,G1,0.953346856,0.019269777,0.027383367,0
AGAGCAGAGTGCTCGC-1_2,m2,11476,4115,nb,0,0,0,0,0,0,4.109589041,FALSE,G1,0.635324015,0.364675985,0,0
AGAGCAGAGTTTAGGA-1_2,m2,22276,5657,nb,0,0,0,0,0,0,3.451305221,FALSE,S,0.591133005,0.036124795,0.3727422,0
AGAGCAGGTTAGCGGA-1_2,m2,35768,6071,nb,0,0,0,0,0,0,2.870075705,FALSE,G1,0.556483027,0.443516973,0,0
AGAGCCCAGCCAGAGT-1_2,m2,6579,3100,nb,0,0,0,0,0,0,5.608435984,FALSE,G1,0.546955037,0.447922595,0.005122368,0
AGAGCCCTCAAGTTGC-1_2,m2,3639,1877,nb,0,0,0,0,0,0,4.906143345,FALSE,G1,0.794851167,0.194690265,0.010458568,0
AGATCCACACTTGTCC-1_2,m2,25461,5531,nb,0,0,0,0,0,0,2.425581767,FALSE,G1,0.469552458,0.530447542,0,0
AGATCGTAGACTCTTG-1_2,m2,15704,4869,nb,0,0,0,0,0,0,3.702948493,FALSE,G1,0.616522811,0.383477189,0,0
AGATGAATCACTACTT-1_2,m2,17405,4806,nb,0,0,0,0,0,0,2.578959327,FALSE,G1,0.677288136,0.322711864,0,0
AGATGCTAGTGCAGCA-1_2,m2,1972,1130,nb,0,0,0,0,0,0,6.150253017,FALSE,G1,0.902815622,0.091734787,0.005449591,0
AGCATCAAGCCGTTGC-1_2,m2,16092,5065,nb,0,0,0,0,0,0,3.878175176,FALSE,G1,0.870322019,0.129677981,0,0
AGCATCAAGGTCCTGC-1_2,m2,22245,5469,nb,0,0,0,0,0,0,4.427527406,FALSE,G2M,0.014409222,0.127761768,0.857829011,0
AGCATCAGTATCGCAT-1_2,m2,46978,6447,nb,0,0,0,0,0,0,3.162599884,FALSE,S,0.551390568,0.106408706,0.342200726,0
AGCATCATCGAGATAA-1_2,m2,14728,3987,nb,0,0,0,0,0,0,3.804405661,FALSE,G1,0.712518195,0.26783115,0.019650655,0
AGCCAATAGTTAACGA-1_2,m2,15885,4007,nb,0,0,0,0,0,0,3.274508824,FALSE,G1,0.765651438,0.00676819,0.227580372,0
AGCCAATCAATGCAGG-1_2,m2,15960,4810,nb,0,0,0,0,0,0,2.387762716,FALSE,G1,0.912408759,0.087591241,0,0
AGCCAATTCCACGAAT-1_2,m2,30630,5748,nb,0,0,0,0,0,0,2.831131342,FALSE,G1,0.810414972,0.189585028,0,0
AGCCACGGTCTAACGT-1_2,m2,16510,5002,nb,0,0,0,0,0,0,3.254523622,FALSE,G1,0.860585198,0.139414802,0,0
AGCCACGGTGACGCCT-1_2,m2,3702,1698,nb,0,0,0,0,0,0,2.310684054,FALSE,G1,0.935299715,0.032350143,0.032350143,0
AGCCACGTCGAATCCA-1_2,m2,44928,6344,nb,0,0,0,0,0,0,3.397373277,FALSE,S,0.139810427,0.085308057,0.774881517,0
AGCCAGCAGCAATAGT-1_2,m2,46467,6413,nb,0,0,0,0,0,0,2.768552535,FALSE,G2M,0.022772277,0.023762376,0.953465347,0
AGCCAGCGTTCTAACG-1_2,m2,9451,3306,nb,0,0,0,0,0,0,3.176610623,FALSE,G1,0.938967136,0.05915493,0.001877934,0
AGCGATTAGAATTGTG-1_2,m2,43546,6226,nb,0,0,0,0,0,0,2.289886978,FALSE,G1,0.988843813,0.011156187,0,0
AGCGATTAGTGCCTCG-1_2,m2,7287,3147,nb,0,0,0,0,0,0,9.532949456,FALSE,G1,0.51523702,0.48476298,0,0
AGCGATTTCTCAACGA-1_2,m2,10496,3673,nb,0,0,0,0,0,0,2.422841807,FALSE,G2M,0,0.415789474,0.584210526,0
AGCGATTTCTCTCAAT-1_2,m2,27422,4234,nb,0,0,0,0,0,0,2.005872354,FALSE,G1,0.834042553,0.165106383,0.000851064,0
AGCGCCAAGTATAGGT-1_2,m2,14113,4490,nb,0,0,0,0,0,0,3.290909091,FALSE,G1,0.682501979,0.312747427,0.004750594,0
AGCGCCAAGTTGCTGT-1_2,m2,14191,4492,nb,0,0,0,0,0,0,4.124850789,FALSE,G1,0.801122694,0.198877306,0,0
AGCGCCAGTCACTTAG-1_2,m2,10435,3972,TCCAGTTACGACTACTACCG,0.198971508,4052.85065,0.052974809,4455.181411,TCCAGTTACGACTACTACCG_ET27b_M1,0.000154612,3.2074883,TRUE,G1,0.793650794,0.206349206,0,0.789737712
AGCGCCAGTGAGACGT-1_2,m2,7737,3300,nb,0,0,0,0,0,0,3.999030538,FALSE,G1,0.950835792,0.028515241,0.020648968,0
AGCGCCATCGTAGCTA-1_2,m2,1683,742,nb,0,0,0,0,0,0,3.100775194,FALSE,G1,0.710458081,0.024200519,0.2653414,0
AGCGCTGAGATCGCTT-1_2,m2,53052,7025,nb,0,0,0,0,0,0,2.645412253,FALSE,G2M,0.086258776,0.002006018,0.911735206,0
AGCGCTGGTCGAAGCA-1_2,m2,5036,1907,nb,0,0,0,0,0,0,4.290822408,FALSE,G1,0.74682599,0.002987304,0.250186706,0
AGCGCTGGTTCATCGA-1_2,m2,1714,1011,nb,0,0,0,0,0,0,2.561366062,FALSE,G1,0.454139812,0.349033218,0.196826971,0
AGCGTATCAAGTGACG-1_2,m2,19876,5231,TCCAGTCGTAACGATACCG,1.038934206,21162.05084,0.036875385,3101.21989,TCCAGTCGTAACGATACCG_ET27b_M1,0,4.092402983,TRUE,G1,0.946969697,0.053030303,0,0.96572313
AGCGTATCATAACTCG-1_2,m2,21586,5399,nb,0,0,0,0,0,0,4.377251759,FALSE,G1,0.959459459,0.03003003,0.010510511,0
AGCGTATTCAAGCTGT-1_2,m2,30205,5885,nb,0,0,0,0,0,0,3.408233048,FALSE,G2M,0.112815884,0,0.887184116,0
AGCGTCGCAAGCACCC-1_2,m2,1580,1064,nb,0,0,0,0,0,0,2.430379747,FALSE,G1,0.785117057,0.20819398,0.006688963,0
AGCGTCGGTATCGAAA-1_2,m2,14278,4618,nb,0,0,0,0,0,0,3.107452175,FALSE,G2M,0.026709402,0.175213675,0.798076923,0
AGCTACAAGAGGTTAT-1_2,m2,27435,5669,nb,0,0,0,0,0,0,5.069244839,FALSE,G1,0.592073171,0.407317073,0.000609756,0
AGCTACAAGTGTACCT-1_2,m2,14616,4459,nb,0,0,0,0,0,0,3.307554507,FALSE,G1,0.807754443,0.192245557,0,0
AGCTACACAGAGTCTT-1_2,m2,3554,1716,nb,0,0,0,0,0,0,2.625209458,FALSE,G1,0.751767478,0.208169678,0.040062844,0
AGCTACATCGGCTGGT-1_2,m2,1855,1214,nb,0,0,0,0,0,0,4.377104377,FALSE,G1,0.971057884,0.028942116,0,0
AGCTCAACAGCTTTCC-1_2,m2,25807,5744,nb,0,0,0,0,0,0,3.417984785,FALSE,G1,0.935849057,0.062264151,0.001886792,0
AGCTTCCAGTTAGAAC-1_2,m2,31418,5839,nb,0,0,0,0,0,0,2.719524031,FALSE,G1,0.892857143,0.107142857,0,0
AGCTTCCTCAACGAGG-1_2,m2,19545,5352,TCCAGTAGCTCTACTATCGTTAGCTACTACCG,0,0,0,0,TCCAGTAGCTCTACTATCGTTAGCTACTACCG_ET27b_M1,1.18E-05,3.066319713,TRUE,G2M,0,0.007944389,0.992055611,0
AGGAAATCAACAGTGG-1_2,m2,2034,1141,nb,0,0,0,0,0,0,4.838709677,FALSE,G1,0.743348983,0.233176839,0.023474178,0
AGGAATACATACCACA-1_2,m2,32408,5891,TCCTACTATCGTTACGAGCTACTACCG,0,0,0.000283999,23.88435087,TCCTACTATCGTTACGAGCTACTACCG_ET27b_M1,0.000267311,2.80002433,TRUE,G2M,0.002724796,0.165304269,0.831970936,0
AGGACGAAGATCCTAC-1_2,m2,16002,4779,nb,0,0,0,0,0,0,2.91463362,FALSE,G1,0.868809731,0.131190269,0,0
AGGACGAAGGATGTTA-1_2,m2,1634,1061,nb,0,0,0,0,0,0,3.853127833,FALSE,G1,0.463671658,0.536328342,0,0
AGGACGATCATGCCAA-1_2,m2,2613,1365,nb,0,0,0,0,0,0,3.172250222,FALSE,G1,0.51811289,0.427969671,0.053917439,0
AGGACGATCGACCACG-1_2,m2,6397,2944,nb,0,0,0,0,0,0,7.282971619,FALSE,G1,0.562429696,0.437570304,0,0
AGGACGATCTTTCGAT-1_2,m2,3236,1611,nb,0,0,0,0,0,0,3.324858205,FALSE,G1,0.584883023,0.413317337,0.00179964,0
AGGACTTAGTTGTACC-1_2,m2,30552,5982,nb,0,0,0,0,0,0,2.940034266,FALSE,G2M,0,0,1,0
AGGACTTCAGAACTTC-1_2,m2,27875,5728,nb,0,0,0,0,0,0,2.628688585,FALSE,G1,0.900763359,0.099236641,0,0
AGGACTTGTGCGGTAA-1_2,m2,13866,4335,nb,0,0,0,0,0,0,3.642430794,FALSE,G1,0.824754902,0.06004902,0.115196078,0
AGGACTTTCCCGAGTG-1_2,m2,2747,1547,nb,0,0,0,0,0,0,2.090032154,FALSE,G1,0.557160048,0.437424789,0.005415162,0
AGGACTTTCCTGGTCT-1_2,m2,12667,4478,nb,0,0,0,0,0,0,3.433523475,FALSE,G1,0.5189099,0.4810901,0,0
AGGAGGTAGCTGAAGC-1_2,m2,8658,3689,nb,0,0,0,0,0,0,4.054054054,FALSE,G1,0.715721464,0.284278536,0,0
AGGAGGTAGGGATCTG-1_2,m2,2846,965,nb,0,0,0,0,0,0,3.070175439,FALSE,G1,0.616892911,0.148567119,0.23453997,0
AGGAGGTGTACTGAGG-1_2,m2,41508,6383,nb,0,0,0,0,0,0,2.088361491,FALSE,G1,0.935453695,0.064546305,0,0
AGGATAACAATTGCTG-1_2,m2,1097,627,nb,0,0,0,0,0,0,3.843466108,FALSE,G1,0.522198738,0.102241794,0.375559467,0
AGGATAACAGAATCGG-1_2,m2,12887,3378,nb,0,0,0,0,0,0,3.20315928,FALSE,G1,0.99009901,0.007920792,0.001980198,0
AGGATCTAGAAACTAC-1_2,m2,11002,4113,nb,0,0,0,0,0,0,4.066144259,FALSE,G1,0.742750929,0.257249071,0,0
AGGATCTAGACTAAGT-1_2,m2,18338,4797,nb,0,0,0,0,0,0,3.184029765,FALSE,G1,0.911854103,0.082066869,0.006079027,0
AGGCATTAGCGCGTTC-1_2,m2,14227,4619,nb,0,0,0,0,0,0,3.924166286,FALSE,G1,0.907441016,0.092558984,0,0
AGGCATTTCGACGCGT-1_2,m2,5280,2451,nb,0,0,0,0,0,0,9.860082305,FALSE,G2M,0.324300699,0.081293706,0.594405594,0
AGGCCACTCTCGTTTA-1_2,m2,24913,4316,nb,0,0,0,0,0,0,2.151168174,FALSE,G1,0.904159132,0.095840868,0,0
AGGCCACTCTGCAGCG-1_2,m2,3006,1578,nb,0,0,0,0,0,0,2.837259101,FALSE,G1,0.663993585,0.127506014,0.208500401,0
AGGCCACTCTTGCAAG-1_2,m2,51077,6938,nb,0,0,0,0,0,0,2.908684289,FALSE,S,0.34939759,0.068674699,0.581927711,0
AGGCTGCCATCCGAAT-1_2,m2,17097,4738,nb,0,0,0,0,0,0,2.53812676,FALSE,G1,0.819000819,0.180999181,0,0
AGGGAGTAGAACTTCC-1_2,m2,29362,5815,nb,0,0,0,0,0,0,3.497794184,FALSE,S,0.639300135,0.00538358,0.355316285,0
AGGGAGTTCCCGTAAA-1_2,m2,5990,2442,nb,0,0,0,0,0,0,2.235872236,FALSE,G1,0.77484472,0.220496894,0.004658385,0
AGGGCCTCATTCATCT-1_2,m2,26684,5681,nb,0,0,0,0,0,0,3.361679511,FALSE,G1,0.91380999,0.084231146,0.001958864,0
AGGGCTCTCTGGCCGA-1_2,m2,1342,542,nb,0,0,0,0,0,0,2.337334176,FALSE,G1,0.553422905,0.177223289,0.269353807,0
AGGGTCCTCGCCGAAC-1_2,m2,22308,5102,nb,0,0,0,0,0,0,3.536332643,FALSE,G2M,0.000632511,0.414927261,0.584440228,0
AGGGTGAAGGTAGGCT-1_2,m2,14370,4422,nb,0,0,0,0,0,0,4.515034405,FALSE,G1,0.935299715,0.059942912,0.004757374,0
AGGGTGACACATCATG-1_2,m2,7440,2693,nb,0,0,0,0,0,0,4.481459449,FALSE,G1,0.6875,0.285601266,0.026898734,0
AGGGTGAGTTGTTGTG-1_2,m2,8797,3210,nb,0,0,0,0,0,0,4.882316913,FALSE,G1,0.516012397,0.483987603,0,0
AGGGTTTCAGTTACCA-1_2,m2,9590,4017,nb,0,0,0,0,0,0,4.743330779,FALSE,G1,0.583090379,0.416909621,0,0
AGGGTTTGTTTACGAC-1_2,m2,27252,5934,nb,0,0,0,0,0,0,3.563779449,FALSE,G2M,0,0.075139147,0.924860853,0
AGGTAGGTCTTCCCAG-1_2,m2,7180,2693,nb,0,0,0,0,0,0,2.820596917,FALSE,G1,0.792087542,0.145622896,0.062289562,0
AGGTCATGTAACAGGC-1_2,m2,17420,4936,TCCAGTCGTAACGATACCG,1.038934206,21162.05084,0.036875385,3101.21989,TCCAGTCGTAACGATACCG_ET27b_M1,0,4.176815877,TRUE,G1,0.584666667,0,0.415333333,0.96572313
AGGTTACAGTTCCATG-1_2,m2,54182,6908,nb,0,0,0,0,0,0,2.520845202,FALSE,G2M,0.185776488,0.029027576,0.785195936,0
AGGTTACGTTAGAAGT-1_2,m2,9981,3763,nb,0,0,0,0,0,0,3.627045141,FALSE,G1,0.672494956,0.327505044,0,0
AGGTTGTCACTGTCCT-1_2,m2,4580,2002,nb,0,0,0,0,0,0,3.981585169,FALSE,S,0.293814433,0.573883162,0.132302405,0
AGGTTGTGTACCTGTA-1_2,m2,39397,6459,nb,0,0,0,0,0,0,3.040635054,FALSE,G1,0.768081761,0.231918239,0,0
AGGTTGTTCCAAGAGG-1_2,m2,27992,5943,nb,0,0,0,0,0,0,2.198787364,FALSE,G1,0.952380952,0.047619048,0,0
AGTAACCAGAGTCACG-1_2,m2,2194,1187,nb,0,0,0,0,0,0,4.571776897,FALSE,G1,0.741716867,0.258283133,0,0
AGTAACCCAGCATCTA-1_2,m2,16885,4939,nb,0,0,0,0,0,0,4.448043857,FALSE,G1,0.659630607,0.340369393,0,0
AGTAACCGTAACGCGA-1_2,m2,14751,4891,nb,0,0,0,0,0,0,5.402630421,FALSE,G1,0.522406384,0.475138122,0.002455494,0
AGTAACCGTTGCATTG-1_2,m2,25316,5627,nb,0,0,0,0,0,0,3.107491181,FALSE,G2M,0.017034068,0,0.982965932,0
AGTACCACAAACCGGA-1_2,m2,16828,4772,nb,0,0,0,0,0,0,3.157727705,FALSE,G1,0.693962526,0.306037474,0,0
AGTACCACACAGCCAC-1_2,m2,5636,2283,nb,0,0,0,0,0,0,5.51104637,FALSE,G1,0.653846154,0.310595065,0.035558781,0
AGTACCAGTAGAGATT-1_2,m2,11421,4119,nb,0,0,0,0,0,0,5.830366226,FALSE,G1,0.667803547,0.332196453,0,0
AGTACCATCACAGAGG-1_2,m2,43687,6723,nb,0,0,0,0,0,0,4.14555135,FALSE,G1,0.996015936,0.003984064,0,0
AGTACTGCATCGGAGA-1_2,m2,1838,1006,nb,0,0,0,0,0,0,4.17193426,FALSE,S,0.499454744,0.061068702,0.439476554,0
AGTAGCTCAACGGCTC-1_2,m2,4712,2261,nb,0,0,0,0,0,0,4.504651542,FALSE,G1,0.797734628,0.199029126,0.003236246,0
AGTAGCTGTTGACTGT-1_2,m2,23804,5466,nb,0,0,0,0,0,0,2.838101155,FALSE,G1,0.765322581,0.234677419,0,0
AGTAGTCAGGCTCACC-1_2,m2,20909,5080,nb,0,0,0,0,0,0,5.211041852,FALSE,G1,0.937911571,0.062088429,0,0
AGTAGTCCAAGCTCTA-1_2,m2,9170,3693,nb,0,0,0,0,0,0,4.020389116,FALSE,G1,0.581733566,0.418266434,0,0
AGTAGTCCACATAGCT-1_2,m2,42376,6253,nb,0,0,0,0,0,0,3.387626283,FALSE,G2M,0.092269327,0.226932668,0.680798005,0
AGTCAACAGGACAGTC-1_2,m2,7437,2312,nb,0,0,0,0,0,0,2.435934912,FALSE,G1,0.972762646,0.01848249,0.008754864,0
AGTCAACTCGGCATCG-1_2,m2,17850,5303,nb,0,0,0,0,0,0,5.363763698,FALSE,G1,0.550468836,0.449531164,0,0
AGTCAACTCTTAGCTT-1_2,m2,10420,2893,nb,0,0,0,0,0,0,3.709448107,FALSE,G1,0.887399464,0.037533512,0.075067024,0
AGTCACAGTCGAAGCA-1_2,m2,923,563,nb,0,0,0,0,0,0,4.339378238,FALSE,G1,0.539076741,0.003945551,0.456977708,0
AGTCTCCTCCGTGACG-1_2,m2,5058,2214,nb,0,0,0,0,0,0,3.120124805,FALSE,G1,0.697564808,0.038491752,0.263943441,0
AGTGACTCAATACCTG-1_2,m2,21112,5495,nb,0,0,0,0,0,0,3.865918785,FALSE,G1,0.775138559,0.22327791,0.001583531,0
AGTGACTCATCCAACA-1_2,m2,2764,1464,nb,0,0,0,0,0,0,4.401100275,FALSE,G1,0.753909465,0.203292181,0.042798354,0
AGTGACTGTTACCCAA-1_2,m2,1202,647,nb,0,0,0,0,0,0,2.175602176,FALSE,G2M,0.259050684,0.096540628,0.644408689,0
AGTGACTTCCTGTAGA-1_2,m2,33293,2997,nb,0,0,0,0,0,0,2.030485091,FALSE,G1,0.958772771,0.037392138,0.003835091,0
AGTGATCAGCCTAGGA-1_2,m2,2550,1307,nb,0,0,0,0,0,0,2.730950775,FALSE,G2M,0.400626959,0.009404389,0.589968652,0
AGTGATCTCTCAGGCG-1_2,m2,38623,6350,nb,0,0,0,0,0,0,2.956107791,FALSE,S,0.561743341,0.001210654,0.437046005,0
AGTGCCGCAGGTTCAT-1_2,m2,31355,6128,nb,0,0,0,0,0,0,3.146777003,FALSE,G1,0.904632153,0.095367847,0,0
AGTGTTGAGCAGGGAG-1_2,m2,7470,2761,nb,0,0,0,0,0,0,3.138360775,FALSE,G1,0.969932105,0.006789525,0.023278371,0
AGTGTTGCACACCTGG-1_2,m2,1745,1021,nb,0,0,0,0,0,0,5.695067265,FALSE,G1,0.49598286,0.503481521,0.000535619,0
AGTTAGCAGGCCCAAA-1_2,m2,11700,4225,nb,0,0,0,0,0,0,2.860092927,FALSE,G1,0.630914826,0.369085174,0,0
AGTTAGCAGGGCAACT-1_2,m2,40354,6371,nb,0,0,0,0,0,0,8.031224199,FALSE,G2M,0.016274864,0.23960217,0.744122966,0
AGTTAGCGTCCGTACG-1_2,m2,11635,4045,nb,0,0,0,0,0,0,7.331798095,FALSE,G1,0.761035008,0.238964992,0,0
AGTTCCCCAAGGGCAT-1_2,m2,45860,7019,nb,0,0,0,0,0,0,3.916673049,FALSE,G2M,0.016046681,0.328956966,0.654996353,0
AGTTCCCGTCATGACT-1_2,m2,42568,6044,nb,0,0,0,0,0,0,3.190680366,FALSE,G2M,0.003151261,0.024159664,0.972689076,0
AGTTCCCTCAGACCGC-1_2,m2,2425,1301,nb,0,0,0,0,0,0,5.928237129,FALSE,G1,0.463292944,0.437633642,0.099073414,0
ATACCGACAGCGTACC-1_2,m2,20988,5531,nb,0,0,0,0,0,0,3.736537956,FALSE,G2M,0.008712488,0.114230397,0.877057115,0
ATACCGATCATACGAC-1_2,m2,1935,1259,nb,0,0,0,0,0,0,7.566052842,FALSE,G2M,0.389358108,0.130912162,0.47972973,0
ATACCTTAGTCAGCGA-1_2,m2,30984,5820,nb,0,0,0,0,0,0,2.90094956,FALSE,G1,0.697266994,0.302733006,0,0
ATACCTTGTTGGGCCT-1_2,m2,20137,5397,nb,0,0,0,0,0,0,6.780651192,FALSE,S,0.569682152,0.141809291,0.288508557,0
ATACTTCCAGCACAGA-1_2,m2,6292,2361,nb,0,0,0,0,0,0,2.360681115,FALSE,G1,0.902554399,0.086092715,0.011352886,0
ATAGACCAGCCTAGGA-1_2,m2,2581,1301,nb,0,0,0,0,0,0,2.066559313,FALSE,G1,0.833507853,0.007329843,0.159162304,0
ATAGAGAAGTGTCATC-1_2,m2,22834,5321,nb,0,0,0,0,0,0,4.165988167,FALSE,G2M,0,0.008919722,0.991080278,0
ATAGAGACACATGAAA-1_2,m2,35625,6166,nb,0,0,0,0,0,0,2.441842551,FALSE,G1,0.687719298,0.303508772,0.00877193,0
ATAGAGAGTAGACAAT-1_2,m2,3557,1984,nb,0,0,0,0,0,0,3.382187148,FALSE,G1,0.680998613,0.257975035,0.061026352,0
ATAGAGATCACCTTAT-1_2,m2,8845,3633,nb,0,0,0,0,0,0,3.182591437,FALSE,G1,0.779423227,0.220576773,0,0
ATATCCTAGATAGTGT-1_2,m2,8108,3401,nb,0,0,0,0,0,0,3.482624895,FALSE,G1,0.874890639,0.125109361,0,0
ATCACAGCACACGGTC-1_2,m2,11309,4243,nb,0,0,0,0,0,0,3.774044315,FALSE,G1,0.901713255,0.098286745,0,0
ATCACGAAGACCACGA-1_2,m2,9464,3751,nb,0,0,0,0,0,0,6.914146269,FALSE,G1,0.939679548,0.024505184,0.035815269,0
ATCACGAAGACGTCCC-1_2,m2,35949,6117,nb,0,0,0,0,0,0,3.695719723,FALSE,G1,0.919117647,0.080882353,0,0
ATCACGAAGAGCATCG-1_2,m2,1867,1136,nb,0,0,0,0,0,0,5.298245614,FALSE,G1,0.469865418,0.479812756,0.050321826,0
ATCACGAAGAGGACTC-1_2,m2,2340,1313,nb,0,0,0,0,0,0,4.263674614,FALSE,G1,0.542177361,0.372746936,0.085075703,0
ATCACGATCAATCTTC-1_2,m2,38011,5778,nb,0,0,0,0,0,0,2.886126851,FALSE,G1,0.890080429,0.109919571,0,0
ATCACGATCCGTGGCA-1_2,m2,38364,6301,nb,0,0,0,0,0,0,3.510546912,FALSE,G1,0.576897246,0.415715245,0.007387508,0
ATCACTTCACACACTA-1_2,m2,21951,5473,nb,0,0,0,0,0,0,2.375026884,FALSE,G1,0.894454383,0.105545617,0,0
ATCACTTCATTCTGTT-1_2,m2,924,660,nb,0,0,0,0,0,0,2.664446295,FALSE,G1,0.516717325,0.062613982,0.420668693,0
ATCAGGTAGCATGATA-1_2,m2,12157,4394,nb,0,0,0,0,0,0,4.289380423,FALSE,G2M,0.019736842,0,0.980263158,0
ATCAGGTAGTCCGTCG-1_2,m2,1172,545,nb,0,0,0,0,0,0,6.434108527,FALSE,G2M,0.390307793,0.003274394,0.606417813,0
ATCAGGTCAGATTTCG-1_2,m2,37525,5898,nb,0,0,0,0,0,0,2.661440836,FALSE,G1,0.890681004,0.109318996,0,0
ATCATTCCAAGGCAAC-1_2,m2,21014,4981,nb,0,0,0,0,0,0,4.033992014,FALSE,G1,0.81300813,0.18699187,0,0
ATCATTCGTATCGTAC-1_2,m2,37153,5004,nb,0,0,0,0,0,0,2.097153365,FALSE,G2M,0.001994018,0.000997009,0.997008973,0
ATCATTCGTCCGACGT-1_2,m2,12762,4368,nb,0,0,0,0,0,0,5.444656599,FALSE,G1,0.705716302,0.294283698,0,0
ATCATTCTCGCATAGT-1_2,m2,34436,5750,nb,0,0,0,0,0,0,3.734864762,FALSE,G1,0.759695817,0.240304183,0,0
ATCCACCAGGACTAAT-1_2,m2,10817,4163,nb,0,0,0,0,0,0,3.73627827,FALSE,G1,0.696864111,0.303135889,0,0
ATCCACCCAATCTAGC-1_2,m2,5679,2937,nb,0,0,0,0,0,0,4.100946372,FALSE,G1,0.53361793,0.46638207,0,0
ATCCACCGTCATAACC-1_2,m2,3706,1791,nb,0,0,0,0,0,0,2.320230105,FALSE,G1,0.44924406,0.463822894,0.086933045,0
ATCCACCTCGTAATGC-1_2,m2,15257,4530,nb,0,0,0,0,0,0,4.070313548,FALSE,G1,0.751318102,0.17486819,0.073813708,0
ATCCATTTCGTTGTAG-1_2,m2,2367,1343,nb,0,0,0,0,0,0,3.393665158,FALSE,G1,0.780837004,0.089207048,0.129955947,0
ATCCATTTCTCGTCGT-1_2,m2,1534,483,nb,0,0,0,0,0,0,3.584672435,FALSE,G2M,0.330143541,0.08885851,0.580997949,0
ATCCATTTCTGGGCAC-1_2,m2,2682,1541,nb,0,0,0,0,0,0,2.396073903,FALSE,G1,0.941619586,0.058380414,0,0
ATCCCTGTCAGCTTCC-1_2,m2,2013,1234,nb,0,0,0,0,0,0,4.894179894,FALSE,G2M,0.315256688,0.004338395,0.680404917,0
ATCCGTCTCGGAGTAG-1_2,m2,15646,3953,nb,0,0,0,0,0,0,2.684669539,FALSE,G2M,0.138157895,0.001879699,0.859962406,0
ATCCTATAGAGCTTTC-1_2,m2,11775,3276,nb,0,0,0,0,0,0,3.177570093,FALSE,G1,0.919117647,0.030330882,0.050551471,0
ATCCTATAGCAAGCCA-1_2,m2,4471,2228,TCCGATCTACTATCGTTACGTAGCTACTACCG,0,0,0,0,TCCGATCTACTATCGTTACGTAGCTACTACCG_ET27b_M1,0.000107182,6.033564198,TRUE,G1,0.607662835,0.285823755,0.10651341,0
ATCCTATGTATCACCA-1_2,m2,45000,6937,nb,0,0,0,0,0,0,3.107379448,FALSE,G2M,0.082162162,0.015135135,0.902702703,0
ATCCTATTCCGATGCG-1_2,m2,8925,3562,nb,0,0,0,0,0,0,3.655147845,FALSE,G1,0.831946755,0.168053245,0,0
ATCGATGCAACTGATC-1_2,m2,20966,5329,nb,0,0,0,0,0,0,5.003731707,FALSE,G2M,0.221719457,0.028280543,0.75,0
ATCGGATCAACGGTAG-1_2,m2,17014,4738,nb,0,0,0,0,0,0,3.19938456,FALSE,G1,0.966183575,0.033816425,0,0
ATCGGCGCAGTTACCA-1_2,m2,2117,1125,nb,0,0,0,0,0,0,6.230742896,FALSE,G1,0.816819317,0.177352206,0.005828476,0
ATCGGCGTCTTCGATT-1_2,m2,16194,4854,nb,0,0,0,0,0,0,3.78845551,FALSE,G1,0.737797957,0.216799092,0.045402951,0
ATCGTAGCAACGTAAA-1_2,m2,2071,1174,nb,0,0,0,0,0,0,3.251417769,FALSE,G1,0.615459883,0.149706458,0.234833659,0
ATCGTAGGTTGCTGAT-1_2,m2,13131,4401,nb,0,0,0,0,0,0,7.678022169,FALSE,G1,0.982318271,0.012770138,0.004911591,0
ATCGTCCCACGGTCTG-1_2,m2,19527,5202,nb,0,0,0,0,0,0,3.927038627,FALSE,G2M,0.081914031,0.289537713,0.628548256,0
ATCGTGATCAAACCTG-1_2,m2,984,514,nb,0,0,0,0,0,0,5.534709193,FALSE,G1,0.510296565,0.003538541,0.486164894,0
ATCTCTACACAACGCC-1_2,m2,19740,5438,nb,0,0,0,0,0,0,3.027366592,FALSE,G1,0.949185043,0.050814957,0,0
ATCTCTATCCCGTTGT-1_2,m2,24626,5916,nb,0,0,0,0,0,0,3.07656314,FALSE,G2M,0.022637795,0.005905512,0.971456693,0
ATGAAAGCAATGTCTG-1_2,m2,15301,4614,nb,0,0,0,0,0,0,2.712307504,FALSE,G1,0.974658869,0.025341131,0,0
ATGAAAGCAGGACATG-1_2,m2,10601,3846,nb,0,0,0,0,0,0,3.628035919,FALSE,G1,0.409817981,0.33701048,0.253171539,0
ATGACCATCGGTCTAA-1_2,m2,7178,2840,nb,0,0,0,0,0,0,2.672460619,FALSE,G2M,0.000977517,0.021505376,0.977517107,0
ATGAGGGCAAATGCTC-1_2,m2,18017,5060,nb,0,0,0,0,0,0,4.320341284,FALSE,G2M,0.02787068,0.199554069,0.772575251,0
ATGAGGGTCGGACAAG-1_2,m2,2333,1231,nb,0,0,0,0,0,0,4.787893823,FALSE,G1,0.849956635,0.048568951,0.101474415,0
ATGAGTCAGTTGTAAG-1_2,m2,9543,1781,nb,0,0,0,0,0,0,3.731719617,FALSE,G1,0.61627907,0.181395349,0.202325581,0
ATGAGTCCACGAGGAT-1_2,m2,3985,1814,nb,0,0,0,0,0,0,8.699519658,FALSE,G1,0.66157372,0.318563789,0.01986249,0
ATGAGTCGTACTGTTG-1_2,m2,2280,1298,nb,0,0,0,0,0,0,5.284691442,FALSE,G1,0.673228346,0.314173228,0.012598425,0
ATGAGTCGTGACTCGC-1_2,m2,35866,6172,nb,0,0,0,0,0,0,4.054130463,FALSE,G2M,0.014662757,0.020527859,0.964809384,0
ATGAGTCTCTTACGGA-1_2,m2,41183,6345,nb,0,0,0,0,0,0,2.862493312,FALSE,G1,0.569151964,0.430848036,0,0
ATGATCGAGAGGTTAT-1_2,m2,15264,4559,nb,0,0,0,0,0,0,3.984559297,FALSE,G1,0.55959709,0.44040291,0,0
ATGATCGGTGATTCTG-1_2,m2,18699,5425,TCCAGATCTACTATCGTTACGAGCTACTACCG,0.029683464,604.6224771,0.041960625,3528.888579,TCCAGATCTACTATCGTTACGAGCTACTACCG_ET27b_M1,0.000170078,3.897443454,TRUE,G1,0.701754386,0.298245614,0,0.414318395
ATGCATGAGCTGGCTC-1_2,m2,15463,4623,nb,0,0,0,0,0,0,3.445284422,FALSE,G1,0.587544066,0.412455934,0,0
ATGCATGCAATCTGCA-1_2,m2,15152,4598,nb,0,0,0,0,0,0,3.871194791,FALSE,G1,0.56561086,0.43438914,0,0
ATGCATGCACGGCTAC-1_2,m2,9298,3639,TCCAGTCGTAACGATACCG,1.038934206,21162.05084,0.036875385,3101.21989,TCCAGTCGTAACGATACCG_ET27b_M1,0,2.550839651,TRUE,G1,0.491099476,0.508900524,0,0.96572313
ATGCCTCTCGTGTGGC-1_2,m2,35534,6185,nb,0,0,0,0,0,0,3.862542955,FALSE,G2M,0.028125,0.020833333,0.951041667,0
ATGCGATAGGCCTTCG-1_2,m2,27183,5837,nb,0,0,0,0,0,0,3.218561086,FALSE,G2M,0.000982318,0.021611002,0.97740668,0
ATGCGATGTAATCAAG-1_2,m2,4469,2270,nb,0,0,0,0,0,0,2.828590786,FALSE,G1,0.92472119,0.072490706,0.002788104,0
ATGCGATGTTTGAAAG-1_2,m2,3013,1546,nb,0,0,0,0,0,0,3.774011299,FALSE,G1,0.546898638,0.02269289,0.430408472,0
ATGGAGGCATGACGAG-1_2,m2,39612,6407,nb,0,0,0,0,0,0,2.88028958,FALSE,G2M,0.034046693,0.026264591,0.939688716,0
ATGGAGGGTACGGCAA-1_2,m2,40577,6638,nb,0,0,0,0,0,0,3.403686797,FALSE,G2M,0.433526012,0.006743738,0.55973025,0
ATGGAGGTCCCTGTTG-1_2,m2,7560,3314,nb,0,0,0,0,0,0,6.244485835,FALSE,G1,0.773818745,0.226181255,0,0
ATGGAGGTCCGCGGAT-1_2,m2,12924,4347,nb,0,0,0,0,0,0,3.027139875,FALSE,G2M,0.010858835,0.009871668,0.979269497,0
ATGGAGGTCCTTCTTC-1_2,m2,29293,5647,nb,0,0,0,0,0,0,2.070819212,FALSE,G1,0.942507069,0.057492931,0,0
ATGGATCCAAAGGAGA-1_2,m2,8928,2963,nb,0,0,0,0,0,0,3.834109183,FALSE,G1,0.969932105,0.029097963,0.000969932,0
ATGGATCTCATGCGGC-1_2,m2,34645,5879,nb,0,0,0,0,0,0,3.360948604,FALSE,S,0.776548673,0.137168142,0.086283186,0
ATGGGAGGTCACTCAA-1_2,m2,6593,2898,nb,0,0,0,0,0,0,2.325369323,FALSE,G1,0.901811249,0.080076263,0.018112488,0
ATGGGTTCAACCCTCT-1_2,m2,29674,6146,nb,0,0,0,0,0,0,3.431278714,FALSE,S,0.253968254,0.01984127,0.726190476,0
ATGGGTTGTACACTCA-1_2,m2,25065,5706,nb,0,0,0,0,0,0,4.468260044,FALSE,S,0.714067278,0.074923547,0.211009174,0
ATGGGTTGTCTGTGGC-1_2,m2,3354,1722,nb,0,0,0,0,0,0,6.498103666,FALSE,G1,0.655509066,0.255230126,0.089260809,0
ATGGTTGAGGAAGTAG-1_2,m2,2209,1257,nb,0,0,0,0,0,0,3.997731783,FALSE,G1,0.397083567,0.544587773,0.05832866,0
ATGGTTGGTCCCTCAT-1_2,m2,2624,1384,nb,0,0,0,0,0,0,5.358217941,FALSE,G1,0.874366768,0.074974671,0.050658561,0
ATGTCTTTCTCTGGTC-1_2,m2,2712,1533,nb,0,0,0,0,0,0,3.748047892,FALSE,G1,0.527363184,0.470978441,0.001658375,0
ATTACCTAGAACGTGC-1_2,m2,5944,2239,nb,0,0,0,0,0,0,2.928046218,FALSE,G1,0.753435115,0.241221374,0.005343511,0
ATTACCTAGCATTGTC-1_2,m2,18190,4566,nb,0,0,0,0,0,0,3.002526164,FALSE,G1,0.765110941,0.234889059,0,0
ATTACTCTCACCCTCA-1_2,m2,11450,4183,nb,0,0,0,0,0,0,8.578309839,FALSE,G2M,0,0.058380414,0.941619586,0
ATTATCCCAGTTAGAA-1_2,m2,41373,6438,nb,0,0,0,0,0,0,3.304046949,FALSE,G1,0.821070234,0.178093645,0.00083612,0
ATTATCCGTCTCACGG-1_2,m2,22931,5517,nb,0,0,0,0,0,0,3.693503473,FALSE,G1,0.669792364,0.330207636,0,0
ATTATCCTCCCAGTGG-1_2,m2,12867,4043,nb,0,0,0,0,0,0,2.444302366,FALSE,G1,0.743494424,0.256505576,0,0
ATTATCCTCCGCAAAT-1_2,m2,10222,3909,nb,0,0,0,0,0,0,6.967213115,FALSE,G2M,0.030541872,0.001970443,0.967487685,0
ATTCACTCAAATCGGG-1_2,m2,15608,4626,nb,0,0,0,0,0,0,3.599329216,FALSE,G1,0.936329588,0.063670412,0,0
ATTCACTCAGATAAAC-1_2,m2,22389,4350,nb,0,0,0,0,0,0,2.317906209,FALSE,G1,0.61469712,0.050645482,0.334657398,0
ATTCACTTCAACTGAC-1_2,m2,33111,6238,nb,0,0,0,0,0,0,2.850923096,FALSE,G1,0.974658869,0.025341131,0,0
ATTCAGGGTCATATGC-1_2,m2,35894,6101,nb,0,0,0,0,0,0,2.544392912,FALSE,S,0.476327116,0.010043042,0.513629842,0
ATTCAGGGTTACGTAC-1_2,m2,4476,2171,nb,0,0,0,0,0,0,2.434305981,FALSE,G1,0.654575433,0.233305853,0.112118714,0
ATTCCATCAATGGCAG-1_2,m2,8950,2947,nb,0,0,0,0,0,0,3.116309504,FALSE,G1,0.924791086,0.067780873,0.007428041,0
ATTCCATGTGCATTTG-1_2,m2,35267,6546,nb,0,0,0,0,0,0,3.249520154,FALSE,G2M,0.000984252,0.016732283,0.982283465,0
ATTCCATTCCGTAGTA-1_2,m2,47879,6671,nb,0,0,0,0,0,0,4.14279286,FALSE,G2M,0.012172285,0.152621723,0.835205993,0
ATTCCCGAGGAGATAG-1_2,m2,16270,4489,nb,0,0,0,0,0,0,2.88682208,FALSE,G1,0.619578686,0.380421314,0,0
ATTCCCGCATCACCAA-1_2,m2,52852,7101,nb,0,0,0,0,0,0,3.332131362,FALSE,G2M,0.203333333,0,0.796666667,0
ATTCCCGGTATTGACC-1_2,m2,10351,4117,nb,0,0,0,0,0,0,4.076192953,FALSE,G1,0.821546053,0.178453947,0,0
ATTCCCGTCACCCTTG-1_2,m2,10574,4102,nb,0,0,0,0,0,0,7.020872865,FALSE,G2M,0,0.016748768,0.983251232,0
ATTCCCGTCGTAACCA-1_2,m2,22186,5447,nb,0,0,0,0,0,0,3.924129353,FALSE,G2M,0.013333333,0.337777778,0.648888889,0
ATTCCTATCGGTCAGC-1_2,m2,2801,1473,nb,0,0,0,0,0,0,5.789345658,FALSE,G1,0.515451895,0.472886297,0.011661808,0
ATTCGTTGTAGATGTA-1_2,m2,23651,5604,nb,0,0,0,0,0,0,4.477831354,FALSE,G1,0.573381951,0.062898815,0.363719234,0
ATTCTACGTCGAAGCA-1_2,m2,2050,1084,nb,0,0,0,0,0,0,4.294234592,FALSE,G2M,0.391057488,0.023420866,0.585521647,0
ATTCTTGAGGTCGACA-1_2,m2,11387,3334,nb,0,0,0,0,0,0,2.205777715,FALSE,G1,0.965250965,0.030888031,0.003861004,0
ATTGGGTGTCAGCTTA-1_2,m2,8124,3212,nb,0,0,0,0,0,0,2.475808561,FALSE,G1,0.929302326,0.065116279,0.005581395,0
ATTGGGTGTCCCTGTT-1_2,m2,4786,1976,nb,0,0,0,0,0,0,3.414928982,FALSE,G1,0.713076923,0.222307692,0.064615385,0
ATTGGGTTCTCAATCT-1_2,m2,27230,6244,nb,0,0,0,0,0,0,2.983110331,FALSE,G2M,0.010945274,0.096517413,0.892537313,0
ATTGTTCAGTATGCAA-1_2,m2,6222,2407,nb,0,0,0,0,0,0,7.186459489,FALSE,G1,0.924157303,0.028089888,0.047752809,0
ATTGTTCGTGGCTTGC-1_2,m2,44573,6454,nb,0,0,0,0,0,0,2.624444203,FALSE,G1,0.649673203,0.350326797,0,0
ATTGTTCTCACCTCGT-1_2,m2,17959,5117,nb,0,0,0,0,0,0,3.39855016,FALSE,G1,0.396466431,0.602120141,0.001413428,0
ATTGTTCTCGAGATAA-1_2,m2,21483,5570,nb,0,0,0,0,0,0,4.285536702,FALSE,G1,0.927815207,0.072184793,0,0
ATTGTTCTCGGATACT-1_2,m2,46683,6347,nb,0,0,0,0,0,0,2.723155503,FALSE,S,0.260981912,0.025839793,0.713178295,0
ATTTACCAGGACTATA-1_2,m2,21601,5385,nb,0,0,0,0,0,0,3.984039659,FALSE,G1,0.867302689,0.132697311,0,0
ATTTACCCACAGACGA-1_2,m2,5774,2463,nb,0,0,0,0,0,0,4.131782103,FALSE,G1,0.844331641,0.153976311,0.001692047,0
ATTTACCCACTGATTG-1_2,m2,2846,1402,nb,0,0,0,0,0,0,3.083911069,FALSE,G1,0.80513308,0.030418251,0.164448669,0
ATTTACCTCCTTGGAA-1_2,m2,42572,6434,nb,0,0,0,0,0,0,2.80715309,FALSE,G1,0.99000999,0.008991009,0.000999001,0
ATTTCACAGAGTCTGG-1_2,m2,9223,3068,nb,0,0,0,0,0,0,2.985671976,FALSE,G1,0.771604938,0.228395062,0,0
ATTTCACCACGTCGTG-1_2,m2,14837,4243,nb,0,0,0,0,0,0,5.900137833,FALSE,G1,0.735250737,0.264749263,0,0
CAAAGAACAGACACAG-1_2,m2,3700,2121,nb,0,0,0,0,0,0,4.914436156,FALSE,G1,0.721371262,0.268417214,0.010211524,0
CAAAGAACATTCTCCG-1_2,m2,9542,3553,nb,0,0,0,0,0,0,2.796703653,FALSE,G1,0.753579503,0.246420497,0,0
CAACAACTCACTCGAA-1_2,m2,45648,6653,nb,0,0,0,0,0,0,3.750112955,FALSE,G1,0.738518519,0.261481481,0,0
CAACAACTCATGGAGG-1_2,m2,41783,6089,nb,0,0,0,0,0,0,2.846296692,FALSE,G1,0.884473198,0.115526802,0,0
CAACAGTAGTAATACG-1_2,m2,27465,5473,nb,0,0,0,0,0,0,3.673971928,FALSE,G1,0.993034826,0.000995025,0.005970149,0
CAACAGTAGTAGGTTA-1_2,m2,11537,4291,nb,0,0,0,0,0,0,3.505011297,FALSE,G1,0.571428571,0.428571429,0,0
CAACCAAAGCTGTCCG-1_2,m2,12185,3900,TCCAGTCGTAACGATACCG,1.038934206,21162.05084,0.036875385,3101.21989,TCCAGTCGTAACGATACCG_ET27b_M1,0,2.066840232,TRUE,G1,0.839835729,0.158110883,0.002053388,0.96572313
CAACCAACACGACAAG-1_2,m2,8388,3409,nb,0,0,0,0,0,0,6.800815079,FALSE,G1,0.466227348,0.533772652,0,0
CAACCAACACTCCACT-1_2,m2,33067,6594,nb,0,0,0,0,0,0,3.650440086,FALSE,G2M,0.225195095,0.003344482,0.771460424,0
CAACCTCAGATAGGGA-1_2,m2,15314,4763,nb,0,0,0,0,0,0,6.099160546,FALSE,G2M,0,0.031007752,0.968992248,0
CAACCTCGTTTGTTCT-1_2,m2,23628,5562,nb,0,0,0,0,0,0,3.617524631,FALSE,G2M,0,0.002991027,0.997008973,0
CAACCTCTCGCACGGT-1_2,m2,10900,4050,nb,0,0,0,0,0,0,5.908446799,FALSE,G1,0.573723465,0.426276535,0,0
CAACGATAGCAGCACA-1_2,m2,27724,6005,nb,0,0,0,0,0,0,4.399221906,FALSE,G2M,0.008884501,0.012833169,0.97828233,0
CAACGATGTACCGTGC-1_2,m2,37595,6114,nb,0,0,0,0,0,0,3.58639793,FALSE,G1,0.805645161,0.194354839,0,0
CAACGGCAGCTGACTT-1_2,m2,14538,4702,nb,0,0,0,0,0,0,3.769730734,FALSE,G1,0.656836461,0.336014298,0.00714924,0
CAACGGCAGTGGACGT-1_2,m2,9456,3684,nb,0,0,0,0,0,0,7.113745832,FALSE,G1,0.660264901,0.339735099,0,0
CAACGGCCAAATGATG-1_2,m2,29348,5627,nb,0,0,0,0,0,0,2.554057942,FALSE,G1,0.646928201,0.353071799,0,0
CAAGACTAGAGAGGTA-1_2,m2,1933,982,nb,0,0,0,0,0,0,7.300636466,FALSE,G1,0.750845547,0.030439684,0.218714769,0
CAAGACTAGGCACTCC-1_2,m2,16739,4911,TCCAGTCGTAACGATACCG,1.038934206,21162.05084,0.036875385,3101.21989,TCCAGTCGTAACGATACCG_ET27b_M1,0,3.785966683,TRUE,G1,0.734214391,0.265785609,0,0.96572313
CAAGACTCAAAGGAGA-1_2,m2,11215,3643,nb,0,0,0,0,0,0,2.534476332,FALSE,G1,0.560852496,0.439147504,0,0
CAAGACTCATTGAAAG-1_2,m2,1792,1089,nb,0,0,0,0,0,0,4.063429138,FALSE,G1,0.533998752,0.386150967,0.079850281,0
CAAGACTGTCATACCA-1_2,m2,35210,5561,nb,0,0,0,0,0,0,7.791668315,FALSE,G1,0.556919643,0.443080357,0,0
CAAGAGGAGGGTACAC-1_2,m2,17899,4528,nb,0,0,0,0,0,0,9.027068958,FALSE,G1,0.654855643,0.345144357,0,0
CAAGAGGGTTGCATTG-1_2,m2,11705,4175,nb,0,0,0,0,0,0,8.918624364,FALSE,G2M,0.001897533,0.049335863,0.948766603,0
CAAGCTATCACCATAG-1_2,m2,28849,5313,nb,0,0,0,0,0,0,6.810219602,FALSE,G2M,0.161716172,0.068206821,0.770077008,0
CAAGCTATCCACTGGG-1_2,m2,16238,4984,nb,0,0,0,0,0,0,3.691658609,FALSE,G1,0.973709834,0.026290166,0,0
CAAGGGAAGCCTTTCC-1_2,m2,48805,6712,nb,0,0,0,0,0,0,3.570141162,FALSE,G1,0.921157685,0.067864271,0.010978044,0
CAAGGGACATGGACAG-1_2,m2,28617,6396,nb,0,0,0,0,0,0,3.69457566,FALSE,G1,0.714796283,0.285203717,0,0
CAATCGACAACTCGTA-1_2,m2,17997,4555,nb,0,0,0,0,0,0,3.255660221,FALSE,G1,0.981354269,0.014720314,0.003925417,0
CAATCGAGTACGGCAA-1_2,m2,54457,6702,nb,0,0,0,0,0,0,2.615597143,FALSE,G1,0.745304282,0.254695718,0,0
CAATCGAGTATTGGCT-1_2,m2,18309,5094,nb,0,0,0,0,0,0,3.294049807,FALSE,G1,0.869451697,0.130548303,0,0
CAATCGATCATATGGC-1_2,m2,24191,5456,nb,0,0,0,0,0,0,3.272503948,FALSE,G1,0.870742358,0.129257642,0,0
CAATCGATCGTAGTCA-1_2,m2,2210,1189,nb,0,0,0,0,0,0,6.054279749,FALSE,G1,0.608448928,0.371374527,0.020176545,0
CAATGACAGACCATAA-1_2,m2,16963,4711,nb,0,0,0,0,0,0,9.827414064,FALSE,G1,0.851635514,0.037383178,0.110981308,0
CAATTTCCAAATGGAT-1_2,m2,37820,6172,nb,0,0,0,0,0,0,3.94897688,FALSE,G2M,0.001994018,0.001994018,0.996011964,0
CAATTTCCAGAGAGGG-1_2,m2,43233,6065,nb,0,0,0,0,0,0,2.660618142,FALSE,G1,0.831658291,0.168341709,0,0
CAATTTCGTTAGGACG-1_2,m2,2647,1374,nb,0,0,0,0,0,0,4.326630104,FALSE,G1,0.678016284,0.313101406,0.008882309,0
CAATTTCTCCGGCAAC-1_2,m2,48604,6485,nb,0,0,0,0,0,0,2.519550731,FALSE,S,0.616906475,0.025179856,0.357913669,0
CACAACACATGGCACC-1_2,m2,18886,4912,nb,0,0,0,0,0,0,3.098416211,FALSE,G1,0.624609619,0.375390381,0,0
CACAACAGTACGGGAT-1_2,m2,12017,4070,nb,0,0,0,0,0,0,4.112191306,FALSE,G1,0.73800738,0.261254613,0.000738007,0
CACACAACAAATACAG-1_2,m2,3518,1672,nb,0,0,0,0,0,0,7.311320755,FALSE,G1,0.581850534,0.354092527,0.06405694,0
CACAGATGTCGAATGG-1_2,m2,13622,4337,nb,0,0,0,0,0,0,3.449830891,FALSE,G1,0.663129973,0.336870027,0,0
CACAGGCAGAGTCTTC-1_2,m2,12391,4176,nb,0,0,0,0,0,0,7.058277223,FALSE,G1,0.990079365,0.009920635,0,0
CACAGGCCATTGAGCT-1_2,m2,28192,5905,nb,0,0,0,0,0,0,3.989994056,FALSE,S,0.526928675,0.014556041,0.458515284,0
CACAGGCGTTCATCGA-1_2,m2,22077,5255,nb,0,0,0,0,0,0,2.787092011,FALSE,G1,0.842674533,0.154375615,0.002949853,0
CACATGAAGCCTTGAT-1_2,m2,13653,4581,nb,0,0,0,0,0,0,2.952274118,FALSE,G1,0.718390805,0.281609195,0,0
CACATGACAGTGGCTC-1_2,m2,3497,1842,nb,0,0,0,0,0,0,5.601659751,FALSE,G1,0.381578947,0.617036011,0.001385042,0
CACATGAGTAGATGTA-1_2,m2,7402,3227,nb,0,0,0,0,0,0,8.569361174,FALSE,G1,0.968023256,0.031976744,0,0
CACCAAAGTTGTTGTG-1_2,m2,23553,5644,nb,0,0,0,0,0,0,4.126887296,FALSE,S,0.407918969,0.532228361,0.05985267,0
CACCAAATCTCCCTAG-1_2,m2,29603,5702,nb,0,0,0,0,0,0,2.744224757,FALSE,G1,0.956022945,0.043977055,0,0
CACCGTTGTGGTATGG-1_2,m2,27868,5789,nb,0,0,0,0,0,0,2.871177529,FALSE,S,0.54587156,0.123853211,0.330275229,0
CACCGTTGTGTTCATG-1_2,m2,3434,1654,nb,0,0,0,0,0,0,2.894985809,FALSE,G1,0.550759392,0.307753797,0.141486811,0
CACGAATAGGCTTAAA-1_2,m2,3436,1701,nb,0,0,0,0,0,0,6.12802498,FALSE,G1,0.955665025,0.02364532,0.020689655,0
CACGAATGTCGTACTA-1_2,m2,7836,3273,TCCACTACTATCGTTACGACGTAGCTACTACCG,0.000104542,2.129422692,0.018408635,1548.166214,TCCACTACTATCGTTACGACGTAGCTACTACCG_ET27b_M1,0.00287375,3.747226559,TRUE,G1,0.898106402,0.081154193,0.020739405,0.005646897
CACGAATGTGTTGCCG-1_2,m2,29367,6106,nb,0,0,0,0,0,0,6.612180592,FALSE,G2M,0.027800491,0.180703189,0.791496321,0
CACGAATTCACTGGGC-1_2,m2,40629,6416,nb,0,0,0,0,0,0,4.189865389,FALSE,G1,0.620347395,0.379652605,0,0
CACGGGTAGCGTCTCG-1_2,m2,14073,4598,nb,0,0,0,0,0,0,3.679911902,FALSE,G2M,0.022908367,0.011952191,0.965139442,0
CACGGGTCAACAGATA-1_2,m2,9421,3754,nb,0,0,0,0,0,0,3.34752322,FALSE,G1,0.561627907,0.437209302,0.001162791,0
CACGGGTTCGTGCACG-1_2,m2,10814,3500,nb,0,0,0,0,0,0,3.591815791,FALSE,G1,0.764188649,0.157474021,0.07833733,0
CACGGGTTCGTGCTCT-1_2,m2,3620,1487,nb,0,0,0,0,0,0,7.169192954,FALSE,S,0.293196869,0.484647803,0.222155328,0
CACGTGGAGGGTAGCT-1_2,m2,34919,5843,nb,0,0,0,0,0,0,2.449570505,FALSE,G1,0.945179584,0.054820416,0,0
CACGTGGCAGTAGGAC-1_2,m2,11219,4262,nb,0,0,0,0,0,0,6.493158036,FALSE,G1,0.91149635,0.08850365,0,0
CACGTTCCAGAAGCTG-1_2,m2,6689,2984,nb,0,0,0,0,0,0,8.604516503,FALSE,G2M,0.017934003,0.299139168,0.682926829,0
CACGTTCTCCCACAGG-1_2,m2,8093,3544,nb,0,0,0,0,0,0,4.482581967,FALSE,G1,0.539708266,0.460291734,0,0
CACTAAGCATATTCGG-1_2,m2,28661,5945,nb,0,0,0,0,0,0,3.134087237,FALSE,G2M,0.004413063,0.115622242,0.879964695,0
CACTGAAAGGGCTGAT-1_2,m2,13297,3612,nb,0,0,0,0,0,0,2.740803485,FALSE,G1,0.976516634,0.022504892,0.000978474,0
CACTGAACAATAAGGT-1_2,m2,10551,3363,nb,0,0,0,0,0,0,3.520385136,FALSE,G1,0.938086304,0.055347092,0.006566604,0
CACTGAATCATTGCGA-1_2,m2,22894,5634,nb,0,0,0,0,0,0,4.011387991,FALSE,G1,0.451704545,0.545454545,0.002840909,0
CACTGTCGTCCCTGAG-1_2,m2,41298,6609,nb,0,0,0,0,0,0,2.580811112,FALSE,G1,0.547932331,0.290413534,0.161654135,0
CACTGTCTCATGTCAG-1_2,m2,35525,6078,nb,0,0,0,0,0,0,2.878559561,FALSE,G1,0.964320154,0.035679846,0,0
CACTGTCTCTACCACC-1_2,m2,15046,4715,nb,0,0,0,0,0,0,7.917673002,FALSE,G2M,0,0.125548727,0.874451273,0
CACTTCGGTCGCTGCA-1_2,m2,5025,2190,nb,0,0,0,0,0,0,3.866602223,FALSE,G1,0.960576923,0.000961538,0.038461538,0
CACTTCGTCGAGTCCG-1_2,m2,12236,4436,nb,0,0,0,0,0,0,3.529100529,FALSE,G1,0.501264542,0.498735458,0,0
CAGAGCCAGTCAGCCC-1_2,m2,3262,1659,nb,0,0,0,0,0,0,7.236227824,FALSE,G1,0.489690722,0.476517755,0.033791523,0
CAGAGCCTCCTTTGAT-1_2,m2,1638,956,nb,0,0,0,0,0,0,3.98467433,FALSE,G1,0.499101258,0.491911324,0.008987418,0
CAGATACAGGTAGATT-1_2,m2,22523,4801,nb,0,0,0,0,0,0,2.214499864,FALSE,G1,0.997008973,0.002991027,0,0
CAGATACTCCGTGGGT-1_2,m2,20001,5062,nb,0,0,0,0,0,0,3.629590863,FALSE,G1,0.979431929,0.020568071,0,0
CAGATACTCGTGTCAA-1_2,m2,3468,1728,nb,0,0,0,0,0,0,2.972056211,FALSE,G1,0.505920344,0.479009688,0.015069968,0
CAGATCAGTCTCGGGT-1_2,m2,17354,4742,nb,0,0,0,0,0,0,5.016504184,FALSE,G1,0.542888165,0.457111835,0,0
CAGATTGAGCGACCCT-1_2,m2,40457,5457,nb,0,0,0,0,0,0,2.446784335,FALSE,S,0.52733119,0.155948553,0.316720257,0
CAGCACGTCGGAAACG-1_2,m2,18215,5347,nb,0,0,0,0,0,0,3.737762099,FALSE,G1,0.950570342,0.049429658,0,0
CAGCAGCGTTCAAACC-1_2,m2,3321,1685,nb,0,0,0,0,0,0,2.90329176,FALSE,G1,0.865714286,0.122857143,0.011428571,0
CAGCAGCGTTCCGCGA-1_2,m2,13596,4369,nb,0,0,0,0,0,0,3.761784318,FALSE,G1,0.898472597,0.101527403,0,0
CAGCCAGGTACCGGCT-1_2,m2,26100,5475,nb,0,0,0,0,0,0,2.545285408,FALSE,G1,0.828715365,0.169605374,0.001679261,0
CAGCGTGCAGTTTCGA-1_2,m2,909,461,nb,0,0,0,0,0,0,3.539823009,FALSE,G2M,0.136679537,0.098069498,0.765250965,0
CAGCGTGCATTGTACG-1_2,m2,7816,3146,nb,0,0,0,0,0,0,2.973594481,FALSE,G1,0.922934076,0.076137419,0.000928505,0
CAGCGTGTCCCAAGTA-1_2,m2,2443,1235,nb,0,0,0,0,0,0,2.516692347,FALSE,G2M,0.099191771,0.503306392,0.397501837,0
CAGGCCAAGCGACTAG-1_2,m2,32927,6139,nb,0,0,0,0,0,0,3.972654766,FALSE,G1,0.931098696,0.068901304,0,0
CAGGCCACAATATCCG-1_2,m2,13822,4553,nb,0,0,0,0,0,0,2.796367113,FALSE,G1,0.529380625,0.470619375,0,0
CAGGCCACAGTCTACA-1_2,m2,53926,6847,nb,0,0,0,0,0,0,3.215970024,FALSE,S,0.100143062,0.52360515,0.376251788,0
CAGGGCTCACTTCAGA-1_2,m2,31994,5978,nb,0,0,0,0,0,0,3.093769934,FALSE,G1,0.931693989,0.046448087,0.021857923,0
CAGGGCTGTATTGCCA-1_2,m2,43966,6609,nb,0,0,0,0,0,0,4.129850173,FALSE,G1,0.535608309,0.441394659,0.022997033,0
CAGGGCTTCTTTCAGT-1_2,m2,6561,3131,nb,0,0,0,0,0,0,3.632179308,FALSE,G1,0.950286807,0.043021033,0.006692161,0
CAGGTATAGTTAACGA-1_2,m2,11076,4195,nb,0,0,0,0,0,0,4.081758676,FALSE,G1,0.655307995,0.344692005,0,0
CAGGTATCAAGTGCAG-1_2,m2,12808,4097,nb,0,0,0,0,0,0,3.410091276,FALSE,G1,0.804032258,0.195967742,0,0
CAGGTATTCGTGTGAT-1_2,m2,24964,5396,TCCAGCTCGTTACGGCTACTACCG,0.022212714,452.4507642,0,0,TCCAGCTCGTTACGGCTACTACCG_ET27b_M1,1.20E-05,2.835648148,TRUE,G1,0.4810901,0.5189099,0,1
CAGTGCGAGTCACGCC-1_2,m2,11655,3998,nb,0,0,0,0,0,0,4.455678345,FALSE,G2M,0.132352941,0.002673797,0.864973262,0
CAGTGCGCACCAAATC-1_2,m2,13717,4241,nb,0,0,0,0,0,0,3.097787295,FALSE,G1,0.93490566,0.06509434,0,0
CAGTTAGAGCCTTTGA-1_2,m2,40190,6044,nb,0,0,0,0,0,0,2.335850295,FALSE,G1,0.889807163,0.109274564,0.000918274,0
CAGTTAGAGGTTACCT-1_2,m2,34406,6085,nb,0,0,0,0,0,0,2.9507045,FALSE,G1,0.64977258,0.35022742,0,0
CAGTTAGCAATACCCA-1_2,m2,24011,5719,TCCAGTATCGTCCTACTACCG,0,0,0,0,TCCAGTATCGTCCTACTACCG_ET27b_M1,7.27E-06,2.48212149,TRUE,G2M,0.058116232,0.001002004,0.940881764,0
CAGTTCCAGGCAATGC-1_2,m2,8519,3186,nb,0,0,0,0,0,0,3.334856099,FALSE,G1,0.746317512,0.109656301,0.144026187,0
CAGTTCCAGGCCATAG-1_2,m2,21747,4659,nb,0,0,0,0,0,0,3.595002797,FALSE,G1,0.930451128,0.023496241,0.046052632,0
CAGTTCCAGGTAGGCT-1_2,m2,59152,6703,nb,0,0,0,0,0,0,2.103318411,FALSE,G2M,0.197718631,0.00095057,0.801330798,0
CAGTTCCAGTATAGAC-1_2,m2,24446,5543,nb,0,0,0,0,0,0,2.848938046,FALSE,G2M,0.06561086,0.012443439,0.921945701,0
CATAAGCGTAATGCGG-1_2,m2,35804,6865,nb,0,0,0,0,0,0,2.891822451,FALSE,G2M,0.076837416,0.028953229,0.894209354,0
CATACAGAGAAATCCA-1_2,m2,2266,1262,nb,0,0,0,0,0,0,2.637130802,FALSE,G1,0.672468354,0.321993671,0.005537975,0
CATACAGAGACAGTCG-1_2,m2,23228,5139,nb,0,0,0,0,0,0,2.96273923,FALSE,G2M,0.318691589,0.010280374,0.671028037,0
CATACAGCAAGCCATT-1_2,m2,13582,4332,nb,0,0,0,0,0,0,3.133059509,FALSE,G1,0.967117988,0.032882012,0,0
CATACCCCAGTTAGAA-1_2,m2,17424,4995,nb,0,0,0,0,0,0,4.361848574,FALSE,G1,0.744776119,0.255223881,0,0
CATACTTGTCGTATTG-1_2,m2,26992,5793,nb,0,0,0,0,0,0,3.580005447,FALSE,G1,0.733823529,0.266176471,0,0
CATACTTGTTAGAGTA-1_2,m2,27515,6300,nb,0,0,0,0,0,0,3.743369538,FALSE,G2M,0,0.000999001,0.999000999,0
CATAGACAGCTTCGTA-1_2,m2,14964,4457,nb,0,0,0,0,0,0,3.211772233,FALSE,G1,0.710227273,0.289772727,0,0
CATCCACGTGAACTAA-1_2,m2,34400,6023,nb,0,0,0,0,0,0,3.447285263,FALSE,S,0.373720137,0.018771331,0.607508532,0
CATCCACTCGAGTGGA-1_2,m2,25944,5735,nb,0,0,0,0,0,0,3.867641899,FALSE,G2M,0.153170732,0.028292683,0.818536585,0
CATCCACTCTTCTCAA-1_2,m2,10346,3924,nb,0,0,0,0,0,0,6.536142336,FALSE,G1,0.581490105,0.418509895,0,0
CATCCCAGTAGGAGGG-1_2,m2,6505,2574,nb,0,0,0,0,0,0,2.525890376,FALSE,G1,0.838546069,0.107354184,0.054099746,0
CATCCCAGTGGGCTTC-1_2,m2,8737,3620,nb,0,0,0,0,0,0,3.324428614,FALSE,G1,0.657258065,0.340725806,0.002016129,0
CATCCCAGTGGTTTAC-1_2,m2,11324,4216,nb,0,0,0,0,0,0,3.513359864,FALSE,G1,0.852514919,0.147485081,0,0
CATCCCATCCCTATTA-1_2,m2,19603,5428,nb,0,0,0,0,0,0,3.521275845,FALSE,G2M,0.002929688,0.024414063,0.97265625,0
CATCCGTAGGCACAAC-1_2,m2,25301,5676,nb,0,0,0,0,0,0,3.737973967,FALSE,G1,0.808407437,0.191592563,0,0
CATCCGTAGGCCCAAA-1_2,m2,3928,2118,nb,0,0,0,0,0,0,7.409470752,FALSE,G1,0.694799659,0.216538789,0.088661552,0
CATCCGTGTACTAGCT-1_2,m2,1771,1106,nb,0,0,0,0,0,0,4.482911673,FALSE,S,0.456090652,0.101983003,0.441926346,0
CATCCGTTCCATCGTC-1_2,m2,2441,1367,nb,0,0,0,0,0,0,6.428313471,FALSE,G1,0.675381264,0.017429194,0.307189542,0
CATCCGTTCGTCGATA-1_2,m2,45966,6684,nb,0,0,0,0,0,0,2.696856072,FALSE,G2M,0.35251046,0.005230126,0.642259414,0
CATCGCTCAAACTCTG-1_2,m2,17231,5213,nb,0,0,0,0,0,0,4.161993769,FALSE,G1,0.912591051,0.030176899,0.05723205,0
CATCGGGAGCTAAACA-1_2,m2,17759,4861,nb,0,0,0,0,0,0,2.86971768,FALSE,G1,0.742007435,0.257992565,0,0
CATCGGGGTACTAACC-1_2,m2,10454,4044,nb,0,0,0,0,0,0,2.598987249,FALSE,G1,0.994035785,0.005964215,0,0
CATCGGGTCAAAGGAT-1_2,m2,15940,4921,nb,0,0,0,0,0,0,3.61745136,FALSE,G1,0.899280576,0.100719424,0,0
CATCGGGTCGAGAAAT-1_2,m2,8561,3651,TCCAGTATCGTCCTACTACCG,0,0,0,0,TCCAGTATCGTCCTACTACCG_ET27b_M1,7.27E-06,5.044862028,TRUE,G1,0.963391137,0.036608863,0,0
CATCGTCCACAGTCGC-1_2,m2,18158,5136,nb,0,0,0,0,0,0,4.368094556,FALSE,G1,0.533153639,0.466846361,0,0
CATCGTCTCAGACCGC-1_2,m2,8994,3122,nb,0,0,0,0,0,0,2.501737318,FALSE,G1,0.905591201,0.085242896,0.009165903,0
CATGAGTAGTCATGAA-1_2,m2,26765,5840,nb,0,0,0,0,0,0,3.66687079,FALSE,G1,0.730326296,0.013435701,0.256238004,0
CATGAGTCAAGGTACG-1_2,m2,25396,6202,nb,0,0,0,0,0,0,4.018974449,FALSE,G2M,0.005870841,0.02446184,0.969667319,0
CATGCAACATTGTAGC-1_2,m2,5062,2203,nb,0,0,0,0,0,0,4.840794266,FALSE,G1,0.926648097,0.070566388,0.002785515,0
CATGCGGGTCAGATTC-1_2,m2,3462,1747,nb,0,0,0,0,0,0,3.583934089,FALSE,G1,0.77897351,0.170529801,0.050496689,0
CATGCGGGTTTACCAG-1_2,m2,4955,2107,nb,0,0,0,0,0,0,3.424202128,FALSE,G1,0.804681195,0.1937046,0.001614205,0
CATGCGGTCGCCCAGA-1_2,m2,44422,6266,nb,0,0,0,0,0,0,2.422577808,FALSE,G1,0.783347494,0.215802889,0.000849618,0
CATGCTCAGAGGTTTA-1_2,m2,20553,5350,nb,0,0,0,0,0,0,2.60989011,FALSE,G1,0.749045802,0,0.250954198,0
CATGCTCCAAGTACCT-1_2,m2,6877,3040,nb,0,0,0,0,0,0,6.386323443,FALSE,G1,0.69420904,0.305084746,0.000706215,0
CATGCTCGTGTGCCTG-1_2,m2,16721,4703,nb,0,0,0,0,0,0,3.021749358,FALSE,G1,0.863439931,0.136560069,0,0
CATGCTCGTTCCTAAG-1_2,m2,6428,2652,nb,0,0,0,0,0,0,2.203825931,FALSE,S,0.051239669,0.27768595,0.67107438,0
CATGGATAGCAGCACA-1_2,m2,45505,6577,nb,0,0,0,0,0,0,3.956507677,FALSE,G1,0.85443787,0.128994083,0.016568047,0
CATGGATAGCATTTGC-1_2,m2,29085,5812,nb,0,0,0,0,0,0,2.526933925,FALSE,G1,0.941736029,0.041617122,0.016646849,0
CATGGATTCAGGACGA-1_2,m2,17163,4889,nb,0,0,0,0,0,0,3.656521899,FALSE,G1,0.985221675,0.014778325,0,0
CATGGTACACCTCTGT-1_2,m2,6270,2720,nb,0,0,0,0,0,0,7.870668556,FALSE,G1,0.920762287,0.036108325,0.043129388,0
CATGGTAGTCTACAAC-1_2,m2,2697,1465,nb,0,0,0,0,0,0,2.501996274,FALSE,G1,0.898617512,0.095852535,0.005529954,0
CATGGTATCTTACGTT-1_2,m2,1307,706,nb,0,0,0,0,0,0,2.184179457,FALSE,G1,0.861482914,0.030614176,0.10790291,0
CATTCATCAAGACGGT-1_2,m2,35805,5082,nb,0,0,0,0,0,0,2.254895639,FALSE,G1,0.50312989,0.496087637,0.000782473,0
CATTCATCATCCGAAT-1_2,m2,34112,5712,nb,0,0,0,0,0,0,3.115675097,FALSE,G1,0.69637883,0.30362117,0,0
CATTCATTCCAGTGCG-1_2,m2,18559,5321,nb,0,0,0,0,0,0,4.369425755,FALSE,G1,0.693379791,0.306620209,0,0
CATTCCGCAACCAGAG-1_2,m2,2870,1433,nb,0,0,0,0,0,0,5.911446067,FALSE,G1,0.646153846,0.340080972,0.013765182,0
CATTCCGCAGTCGGTC-1_2,m2,3621,1732,nb,0,0,0,0,0,0,3.279794844,FALSE,G1,0.831560284,0.066489362,0.101950355,0
CATTCCGTCAAGTGTC-1_2,m2,46494,5739,nb,0,0,0,0,0,0,2.400480439,FALSE,G2M,0.000851064,0.194893617,0.804255319,0
CATTCCGTCGGTCTAA-1_2,m2,15689,4932,nb,0,0,0,0,0,0,5.628905906,FALSE,G1,0.853242321,0.146757679,0,0
CATTCTAAGATCGCTT-1_2,m2,3045,1541,nb,0,0,0,0,0,0,4.317460317,FALSE,G2M,0.23349835,0.315181518,0.451320132,0
CATTCTACACGAAGAC-1_2,m2,57569,6888,nb,0,0,0,0,0,0,3.183198885,FALSE,G1,0.727744166,0.033707865,0.238547969,0
CATTCTATCTGTGCAA-1_2,m2,26097,5559,nb,0,0,0,0,0,0,2.435387674,FALSE,G1,0.964320154,0.035679846,0,0
CATTGAGGTTATGGTC-1_2,m2,10536,3857,nb,0,0,0,0,0,0,3.059821909,FALSE,G1,0.888888889,0.111111111,0,0
CATTGCCAGACGAGCT-1_2,m2,7475,2598,nb,0,0,0,0,0,0,2.448440516,FALSE,G1,0.968780488,0.022439024,0.008780488,0
CATTGCCCAACCGACC-1_2,m2,16161,5090,nb,0,0,0,0,0,0,3.555520204,FALSE,G1,0.791139241,0.208860759,0,0
CATTGCCGTGACGTCC-1_2,m2,2014,1158,nb,0,0,0,0,0,0,4.693140794,FALSE,G1,0.69687738,0.02970297,0.27341965,0
CATTGTTAGATTGAGT-1_2,m2,38091,6279,nb,0,0,0,0,0,0,3.223208502,FALSE,G2M,0.094972067,0.251396648,0.653631285,0
CATTGTTGTCCGGACT-1_2,m2,9539,3924,TCCAGTAGCTCTACTATCGTTAGCTACTACCG,0,0,0,0,TCCAGTAGCTCTACTATCGTTAGCTACTACCG_ET27b_M1,1.18E-05,3.599856579,TRUE,G1,0.853242321,0.146757679,0,0
CATTGTTGTCTTGGTA-1_2,m2,13805,3574,nb,0,0,0,0,0,0,2.477773686,FALSE,G1,0.835284281,0.160535117,0.004180602,0
CATTTCAGTAGCTTGT-1_2,m2,44176,6310,nb,0,0,0,0,0,0,3.25343016,FALSE,G1,0.870322019,0.128807659,0.000870322,0
CCAAGCGCAGGCATGA-1_2,m2,6121,2990,nb,0,0,0,0,0,0,3.433954619,FALSE,G1,0.604355717,0.395644283,0,0
CCAAGCGTCTCGTCGT-1_2,m2,28225,5978,nb,0,0,0,0,0,0,2.881146528,FALSE,G2M,0.070907195,0,0.929092805,0
CCAATGAAGTCGCTAT-1_2,m2,27408,5193,nb,0,0,0,0,0,0,2.752978173,FALSE,G1,0.933395872,0.066604128,0,0
CCAATGATCACACGAT-1_2,m2,16289,4733,nb,0,0,0,0,0,0,3.451554233,FALSE,G2M,0.016393443,0.113789778,0.869816779,0
CCAATGATCTAGACAC-1_2,m2,25679,6058,nb,0,0,0,0,0,0,3.870165906,FALSE,G1,0.878729548,0.10587103,0.015399423,0
CCAATTTAGGTACATA-1_2,m2,26725,5574,nb,0,0,0,0,0,0,4.169249427,FALSE,G1,0.453301127,0.338969404,0.207729469,0
CCAATTTAGTCAATCC-1_2,m2,20956,4509,nb,0,0,0,0,0,0,2.946028753,FALSE,G2M,0.015638575,0.151172893,0.833188532,0
CCAATTTGTACGATCT-1_2,m2,12132,3452,nb,0,0,0,0,0,0,2.881318842,FALSE,G1,0.937977099,0.010496183,0.051526718,0
CCAATTTTCTTAAGGC-1_2,m2,2762,1536,nb,0,0,0,0,0,0,4.780652418,FALSE,G1,0.594732992,0.027066569,0.378200439,0
CCACAAAAGTCTGGTT-1_2,m2,9051,3592,nb,0,0,0,0,0,0,5.080038009,FALSE,G1,0.927509294,0.072490706,0,0
CCACAAAGTCCGTACG-1_2,m2,19278,5213,nb,0,0,0,0,0,0,3.076506065,FALSE,G1,0.749625187,0.250374813,0,0
CCACACTAGCACACCC-1_2,m2,33244,6458,nb,0,0,0,0,0,0,2.482767851,FALSE,G1,0.512557663,0.487442337,0,0
CCACACTAGTTTGCTG-1_2,m2,18701,5184,nb,0,0,0,0,0,0,2.927163791,FALSE,G1,0.593210244,0.406789756,0,0
CCACACTGTATCTTCT-1_2,m2,8641,3778,nb,0,0,0,0,0,0,4.088634739,FALSE,G1,0.511247444,0.488752556,0,0
CCACACTTCAGTCAGT-1_2,m2,9116,3712,nb,0,0,0,0,0,0,3.067691478,FALSE,G1,0.815660685,0.182707993,0.001631321,0
CCACCATAGTATGACA-1_2,m2,31845,6205,nb,0,0,0,0,0,0,3.072739342,FALSE,G1,0.934911243,0.001972387,0.063116371,0
CCACCATCAAGCGCTC-1_2,m2,12312,4310,nb,0,0,0,0,0,0,2.917677994,FALSE,G1,0.721820809,0.278179191,0,0
CCACCATCACCCAACG-1_2,m2,10300,4083,nb,0,0,0,0,0,0,3.603191211,FALSE,G1,0.568168853,0.431831147,0,0
CCACGAGAGACCTCCG-1_2,m2,17965,5038,nb,0,0,0,0,0,0,3.674760797,FALSE,G1,0.802907916,0.197092084,0,0
CCACGAGAGCGTGCTC-1_2,m2,18937,5113,nb,0,0,0,0,0,0,3.284356093,FALSE,G2M,0.000861326,0.142118863,0.857019811,0
CCACGAGCAAACTAAG-1_2,m2,2503,975,nb,0,0,0,0,0,0,3.39306138,FALSE,G2M,0.014648438,0.009765625,0.975585938,0
CCACGAGGTCTCGGAC-1_2,m2,17791,4588,nb,0,0,0,0,0,0,2.660650897,FALSE,G1,0.621118012,0.378881988,0,0
CCACGAGTCTGACCCT-1_2,m2,4527,2315,nb,0,0,0,0,0,0,9.206586826,FALSE,G1,0.55959709,0.44040291,0,0
CCACGTTAGACAGCGT-1_2,m2,32628,5257,nb,0,0,0,0,0,0,2.597974461,FALSE,G2M,0.016617791,0.021505376,0.961876833,0
CCACGTTAGACTTCGT-1_2,m2,33500,5571,nb,0,0,0,0,0,0,3.761466048,FALSE,G2M,0,0.036726128,0.963273872,0
CCACGTTCAGGCGATA-1_2,m2,9042,2782,nb,0,0,0,0,0,0,2.75553013,FALSE,G1,0.884853853,0.002657219,0.112488928,0
CCACGTTTCCACCTCA-1_2,m2,47849,6550,nb,0,0,0,0,0,0,2.149126405,FALSE,G2M,0.029284165,0,0.970715835,0
CCACTTGAGTCGAAAT-1_2,m2,31354,5712,nb,0,0,0,0,0,0,2.327361813,FALSE,G1,0.84717608,0.151716501,0.00110742,0
CCACTTGTCGACCAAT-1_2,m2,2156,1188,nb,0,0,0,0,0,0,4.794308692,FALSE,G1,0.795046968,0.030742955,0.174210077,0
CCATAAGTCTTGTGCC-1_2,m2,27184,4167,nb,0,0,0,0,0,0,2.406735103,FALSE,G1,0.705218618,0.294781382,0,0
CCATCACGTAGTTCCA-1_2,m2,2620,1535,nb,0,0,0,0,0,0,2.965631929,FALSE,G1,0.627266622,0.372061786,0.000671592,0
CCCAACTTCCTAGAGT-1_2,m2,6891,3192,nb,0,0,0,0,0,0,4.775760008,FALSE,G1,0.956022945,0.038240918,0.005736138,0
CCCATTGGTGTTAAAG-1_2,m2,17093,4775,nb,0,0,0,0,0,0,2.926508679,FALSE,G1,0.969667319,0.030332681,0,0
CCCGAAGGTGTCTTAG-1_2,m2,2088,1167,nb,0,0,0,0,0,0,3.646005966,FALSE,G1,0.675406872,0.293851718,0.03074141,0
CCCGGAAAGAAGATCT-1_2,m2,2190,1362,nb,0,0,0,0,0,0,3.715170279,FALSE,G1,0.773675762,0.006420546,0.219903692,0
CCCGGAAAGATTGCGG-1_2,m2,15714,4787,nb,0,0,0,0,0,0,4.229356193,FALSE,G1,0.631733595,0.19784525,0.170421156,0
CCCGGAACATGGGAAC-1_2,m2,8141,2739,nb,0,0,0,0,0,0,2.817437655,FALSE,G1,0.585137507,0.414862493,0,0
CCCGGAATCACTTTGT-1_2,m2,18854,5045,nb,0,0,0,0,0,0,4.004759603,FALSE,G1,0.713775874,0.286224126,0,0
CCCGGAATCCCATAAG-1_2,m2,2992,1498,nb,0,0,0,0,0,0,4.850274146,FALSE,G1,0.608633094,0.388489209,0.002877698,0
CCCGGAATCGCAATTG-1_2,m2,12068,3143,nb,0,0,0,0,0,0,4.183471187,FALSE,G2M,0.005602241,0.18907563,0.805322129,0
CCCTAACAGTGCACTT-1_2,m2,21720,5047,nb,0,0,0,0,0,0,9.22318545,FALSE,G1,0.676132522,0.323867478,0,0
CCCTCAAGTCAACATC-1_2,m2,30781,5753,nb,0,0,0,0,0,0,3.206832459,FALSE,G1,0.958772771,0.041227229,0,0
CCCTCAAGTTACACTG-1_2,m2,34315,5880,nb,0,0,0,0,0,0,3.168076908,FALSE,G1,0.852076125,0.147923875,0,0
CCCTCTCAGGCTTTCA-1_2,m2,4446,2013,nb,0,0,0,0,0,0,3.121720881,FALSE,G1,0.894359893,0.103849597,0.00179051,0
CCCTCTCCAGGTTTAC-1_2,m2,12188,4426,nb,0,0,0,0,0,0,8.7391506,FALSE,G1,0.593563766,0.406436234,0,0
CCCTCTCTCAGAGTGG-1_2,m2,12804,4274,nb,0,0,0,0,0,0,6.340042373,FALSE,G1,0.971428571,0.013793103,0.014778325,0
CCCTGATAGAAGAGCA-1_2,m2,6190,2336,nb,0,0,0,0,0,0,2.780180403,FALSE,G1,0.94184938,0.019065777,0.039084843,0
CCCTGATAGGCTCTCG-1_2,m2,13115,4523,nb,0,0,0,0,0,0,3.80952381,FALSE,G1,0.771140419,0.219550039,0.009309542,0
CCCTGATAGTACAGCG-1_2,m2,8271,3577,nb,0,0,0,0,0,0,6.737743599,FALSE,G1,0.69671505,0.288770053,0.014514897,0
CCCTTAGAGTAAGAGG-1_2,m2,15879,4825,nb,0,0,0,0,0,0,4.780859974,FALSE,G2M,0,0.01284585,0.98715415,0
CCGAACGGTCATGCAT-1_2,m2,3318,1736,nb,0,0,0,0,0,0,3.171953255,FALSE,G1,0.744313725,0.216470588,0.039215686,0
CCGAACGGTGCCGAAA-1_2,m2,13392,4419,nb,0,0,0,0,0,0,2.807116369,FALSE,G1,0.855184233,0.144815767,0,0
CCGAACGTCCACATAG-1_2,m2,14642,4595,nb,0,0,0,0,0,0,4.159099165,FALSE,G2M,0.018793274,0.034619189,0.946587537,0
CCGATGGCATTCCTCG-1_2,m2,8851,3495,nb,0,0,0,0,0,0,2.402512049,FALSE,G1,0.975609756,0.023414634,0.00097561,0
CCGATGGGTCCAAATC-1_2,m2,8528,3427,nb,0,0,0,0,0,0,5.657159102,FALSE,G1,0.693892568,0.281824871,0.024282561,0
CCGATGGGTGTTAACC-1_2,m2,8826,3357,nb,0,0,0,0,0,0,4.062209842,FALSE,G1,0.822978723,0.175319149,0.001702128,0
CCGCAAGCAATAAGGT-1_2,m2,16743,5069,nb,0,0,0,0,0,0,4.336354738,FALSE,G2M,0.010162602,0.073170732,0.916666667,0
CCGCAAGGTGATCATC-1_2,m2,14462,4518,nb,0,0,0,0,0,0,2.872120171,FALSE,G1,0.75188537,0.24811463,0,0
CCGCAAGTCCTAGCGG-1_2,m2,12347,4273,TCCAGTCGTAACGATACCG,1.038934206,21162.05084,0.036875385,3101.21989,TCCAGTCGTAACGATACCG_ET27b_M1,0,3.439094742,TRUE,G1,0.740740741,0.259259259,0,0.96572313
CCGGACACACCGTCTT-1_2,m2,6648,3187,TCCAGTAGCTCTACTATCGTTAGCTACTACCG,0,0,0,0,TCCAGTAGCTCTACTATCGTTAGCTACTACCG_ET27b_M1,1.18E-05,3.994255453,TRUE,G1,0.968810916,0.018518519,0.012670565,0
CCGGACACACGTGAGA-1_2,m2,2955,1593,nb,0,0,0,0,0,0,5.203121873,FALSE,G1,0.532163743,0.467836257,0,0
CCGGGTATCATGGTAC-1_2,m2,11408,3992,nb,0,0,0,0,0,0,3.577948156,FALSE,G1,0.746212121,0.253787879,0,0
CCGGGTATCGTCTACC-1_2,m2,21504,5377,nb,0,0,0,0,0,0,3.847914215,FALSE,G2M,0.008937438,0.001986097,0.989076465,0
CCGGTAGAGACGCAGT-1_2,m2,3866,2014,nb,0,0,0,0,0,0,9.15022526,FALSE,G2M,0.006574622,0.385930309,0.607495069,0
CCGGTAGCATCCTAAG-1_2,m2,16589,2715,nb,0,0,0,0,0,0,2.005746803,FALSE,G1,0.937911571,0.05738476,0.004703669,0
CCGGTAGTCTAAACGC-1_2,m2,12769,3549,nb,0,0,0,0,0,0,2.526561285,FALSE,G1,0.707592892,0.290791599,0.001615509,0
CCGGTGAAGCATCAGG-1_2,m2,7709,3256,nb,0,0,0,0,0,0,3.14397405,FALSE,S,0.36535009,0.295332136,0.339317774,0
CCGGTGACATTGACCA-1_2,m2,13304,4520,nb,0,0,0,0,0,0,3.3203125,FALSE,G1,0.544808743,0.455191257,0,0
CCGTAGGAGACGTCGA-1_2,m2,17476,4804,nb,0,0,0,0,0,0,2.948898444,FALSE,G1,0.896860987,0.103139013,0,0
CCGTGAGAGTCTTCCC-1_2,m2,36156,3049,nb,0,0,0,0,0,0,2.195664969,FALSE,G1,0.886524823,0.111702128,0.00177305,0
CCGTGAGCAGTGAGCA-1_2,m2,29471,5932,nb,0,0,0,0,0,0,2.562566253,FALSE,S,0.87706422,0.075229358,0.047706422,0
CCGTGAGGTTCCACAA-1_2,m2,19043,5316,nb,0,0,0,0,0,0,3.93293314,FALSE,G2M,0,0.228989977,0.771010023,0
CCGTGAGTCTCAGGCG-1_2,m2,34451,6265,nb,0,0,0,0,0,0,4.023745405,FALSE,G2M,0.00169348,0.183742591,0.814563929,0
CCGTGAGTCTCGACCT-1_2,m2,1082,670,nb,0,0,0,0,0,0,9.570459683,FALSE,G1,0.599708879,0.066957787,0.333333333,0
CCGTTCAGTACCTTCC-1_2,m2,15739,5002,nb,0,0,0,0,0,0,2.724520686,FALSE,G1,0.742390497,0.257609503,0,0
CCGTTCAGTCCATACA-1_2,m2,3875,1821,nb,0,0,0,0,0,0,3.54708798,FALSE,G1,0.508519702,0.482428115,0.009052183,0
CCTAACCAGCATGGGT-1_2,m2,1326,932,nb,0,0,0,0,0,0,2.732595966,FALSE,G1,0.677852349,0.160234899,0.161912752,0
CCTAACCGTATGGGAC-1_2,m2,8762,2938,nb,0,0,0,0,0,0,2.813579311,FALSE,S,0.41898527,0.184942717,0.396072013,0
CCTAACCGTCTCACGG-1_2,m2,26803,6055,nb,0,0,0,0,0,0,4.182871656,FALSE,G2M,0,0.276811594,0.723188406,0
CCTAAGAAGCTGAGCA-1_2,m2,1874,1165,nb,0,0,0,0,0,0,5.172413793,FALSE,S,0.629392971,0.062300319,0.308306709,0
CCTAAGACATCGATGT-1_2,m2,34342,6108,nb,0,0,0,0,0,0,4.071998851,FALSE,G1,0.694444444,0.305555556,0,0
CCTAAGAGTACAGCGA-1_2,m2,20705,5558,nb,0,0,0,0,0,0,3.482027711,FALSE,G2M,0.003929273,0.066797642,0.929273084,0
CCTAAGATCCGCAACG-1_2,m2,31117,5985,nb,0,0,0,0,0,0,3.445909724,FALSE,G1,0.977955912,0.021042084,0.001002004,0
CCTACGTGTCCCTAAA-1_2,m2,18312,5053,nb,0,0,0,0,0,0,5.922859685,FALSE,G1,0.846740051,0.153259949,0,0
CCTACGTGTCGCGTTG-1_2,m2,21171,5229,nb,0,0,0,0,0,0,2.386463155,FALSE,G2M,0.003857281,0.034715526,0.961427194,0
CCTACGTGTCGCTTGG-1_2,m2,10455,3397,nb,0,0,0,0,0,0,2.314540059,FALSE,G1,0.953288847,0.046711153,0,0
CCTACGTTCTGGCTGG-1_2,m2,3911,1741,nb,0,0,0,0,0,0,2.688787185,FALSE,G1,0.600408441,0.002722941,0.396868618,0
CCTATCGAGCGTGTTT-1_2,m2,7571,3385,nb,0,0,0,0,0,0,5.141986921,FALSE,G1,0.675951087,0.322690217,0.001358696,0
CCTATCGCACTAGTAC-1_2,m2,4609,2074,nb,0,0,0,0,0,0,2.929475588,FALSE,G1,0.537066246,0.110410095,0.352523659,0
CCTATCGGTAGGACCA-1_2,m2,15436,4573,nb,0,0,0,0,0,0,3.490896943,FALSE,G1,0.923361034,0.076638966,0,0
CCTATCGGTATAATGG-1_2,m2,8072,3410,nb,0,0,0,0,0,0,4.344023324,FALSE,G1,0.939736347,0.043314501,0.016949153,0
CCTATCGGTTATGACC-1_2,m2,26186,5770,nb,0,0,0,0,0,0,3.695092996,FALSE,G2M,0.167804878,0.00097561,0.831219512,0
CCTATCGTCCCATACC-1_2,m2,23298,5405,nb,0,0,0,0,0,0,2.380093761,FALSE,G1,0.557005105,0.442994895,0,0
CCTATCGTCGGACAAG-1_2,m2,25347,5455,nb,0,0,0,0,0,0,3.406925637,FALSE,G1,0.533049041,0.466950959,0,0
CCTCAACAGCCTTCTC-1_2,m2,3691,2106,nb,0,0,0,0,0,0,8.820237296,FALSE,G1,0.666174298,0.333087149,0.000738552,0
CCTCAACCAATTGTGC-1_2,m2,9355,3744,nb,0,0,0,0,0,0,2.148951184,FALSE,G1,0.92936803,0.07063197,0,0
CCTCAACCACACCAGC-1_2,m2,25111,5946,nb,0,0,0,0,0,0,6.411997402,FALSE,G1,0.672064777,0.327935223,0,0
CCTCACAAGGTTCACT-1_2,m2,30734,6360,nb,0,0,0,0,0,0,2.787895769,FALSE,G1,0.612446087,0.387553913,0,0
CCTCACAGTCATCCCT-1_2,m2,26050,5829,nb,0,0,0,0,0,0,3.609747746,FALSE,S,0.488461538,0.002564103,0.508974359,0
CCTCAGTCAGCGTTGC-1_2,m2,19115,4824,nb,0,0,0,0,0,0,2.501512294,FALSE,G1,0.883968113,0.116031887,0,0
CCTCATGTCAGTGGGA-1_2,m2,45747,6599,nb,0,0,0,0,0,0,3.445727901,FALSE,G2M,0.120711563,0.035578145,0.843710292,0
CCTCCAACACGACCTG-1_2,m2,19553,5390,nb,0,0,0,0,0,0,2.464788732,FALSE,G1,0.689179876,0.310820124,0,0
CCTCCTCAGATACGAT-1_2,m2,5251,2159,nb,0,0,0,0,0,0,4.025549614,FALSE,G1,0.760330579,0.196694215,0.042975207,0
CCTCCTCAGTTCCGTA-1_2,m2,32289,3095,nb,0,0,0,0,0,0,2.333164671,FALSE,G1,0.970873786,0.029126214,0,0
CCTCCTCCACCGTGGT-1_2,m2,4450,2254,nb,0,0,0,0,0,0,9.324090121,FALSE,G1,0.587666264,0.411729141,0.000604595,0
CCTCCTCCATAGTCGT-1_2,m2,22378,5161,nb,0,0,0,0,0,0,3.109742824,FALSE,G1,0.786168521,0.213831479,0,0
CCTCTAGCAAGAGGTC-1_2,m2,8422,3567,nb,0,0,0,0,0,0,3.537448158,FALSE,G2M,0.091688089,0.082262211,0.8260497,0
CCTCTAGGTCGAACGA-1_2,m2,47234,6599,nb,0,0,0,0,0,0,3.114722669,FALSE,S,0.094142259,0.255230126,0.650627615,0
CCTCTAGGTGATGAAT-1_2,m2,10091,3515,nb,0,0,0,0,0,0,4.978607546,FALSE,G1,0.721418234,0.271345876,0.00723589,0
CCTCTAGTCTCTCCGA-1_2,m2,13632,4467,nb,0,0,0,0,0,0,3.421222504,FALSE,G1,0.898274296,0.101725704,0,0
CCTCTAGTCTTGAACG-1_2,m2,1240,657,nb,0,0,0,0,0,0,8.429118774,FALSE,G2M,0.038356164,0.075799087,0.885844749,0
CCTCTCCGTATTCTCT-1_2,m2,13357,4441,nb,0,0,0,0,0,0,3.029781374,FALSE,G2M,0.005294507,0.38318994,0.611515553,0
CCTCTCCTCGGCGATC-1_2,m2,36567,6570,nb,0,0,0,0,0,0,4.095380887,FALSE,G1,0.71787509,0.28212491,0,0
CCTGCATTCTCGAGTA-1_2,m2,53642,6843,nb,0,0,0,0,0,0,3.416901224,FALSE,G2M,0.024716787,0.105046344,0.870236869,0
CCTGTTGAGGTACAAT-1_2,m2,33172,5751,nb,0,0,0,0,0,0,2.872850175,FALSE,G1,0.518134715,0.481865285,0,0
CCTGTTGCATCTTTCA-1_2,m2,17688,5082,nb,0,0,0,0,0,0,3.03277352,FALSE,S,0.368,0.0416,0.5904,0
CCTGTTGTCAAGGACG-1_2,m2,4368,1903,nb,0,0,0,0,0,0,4.619181946,FALSE,G1,0.779264214,0.128762542,0.091973244,0
CCTTCAGAGCCACCGT-1_2,m2,14203,4236,nb,0,0,0,0,0,0,5.721238727,FALSE,G1,0.962463908,0.037536092,0,0
CCTTCAGTCCTCTGCA-1_2,m2,9097,3382,nb,0,0,0,0,0,0,2.948094715,FALSE,G1,0.599758891,0.400241109,0,0
CCTTCAGTCTCCATAT-1_2,m2,13964,4626,nb,0,0,0,0,0,0,3.382602375,FALSE,G1,0.763358779,0.236641221,0,0
CCTTGTGAGGTCTTTG-1_2,m2,6182,2223,nb,0,0,0,0,0,0,4.263713886,FALSE,G1,0.952380952,0.045714286,0.001904762,0
CCTTGTGCAAGAAATC-1_2,m2,39537,6103,nb,0,0,0,0,0,0,2.729141561,FALSE,G1,0.940733772,0.059266228,0,0
CCTTTGGCATTAAGCC-1_2,m2,32303,6245,nb,0,0,0,0,0,0,3.611763643,FALSE,S,0.722109533,0.036511156,0.24137931,0
CCTTTGGTCGATTGGT-1_2,m2,11933,4182,nb,0,0,0,0,0,0,4.122987139,FALSE,G1,1,0,0,0
CGAAGGAAGCGCACAA-1_2,m2,16264,4830,nb,0,0,0,0,0,0,2.814387178,FALSE,G1,0.714285714,0.285714286,0,0
CGAAGGACAACGATCT-1_2,m2,10234,3786,nb,0,0,0,0,0,0,4.453700737,FALSE,G1,0.791732909,0.208267091,0,0
CGAAGTTAGATTACCC-1_2,m2,6440,2435,nb,0,0,0,0,0,0,2.04548342,FALSE,G1,0.615230461,0.002004008,0.382765531,0
CGAAGTTAGCGTGCTC-1_2,m2,2340,1356,nb,0,0,0,0,0,0,5.947060846,FALSE,G1,0.405041032,0.577373974,0.017584994,0
CGAAGTTAGGGTTAAT-1_2,m2,9583,3696,TCCTGTATCACTGTGGTAGCTACTACCG,0,0,0,0,TCCTGTATCACTGTGGTAGCTACTACCG_ET27b_M1,0,4.106831298,TRUE,G1,0.968054211,0.031945789,0,0
CGAATTGCAAGCAGGT-1_2,m2,34107,5662,nb,0,0,0,0,0,0,3.035322559,FALSE,G2M,0.048617731,0,0.951382269,0
CGAATTGCATTCTCTA-1_2,m2,6308,2604,nb,0,0,0,0,0,0,3.860507013,FALSE,G1,0.899909829,0.08025248,0.019837692,0
CGAATTGGTATCGCTA-1_2,m2,22672,5218,nb,0,0,0,0,0,0,3.457836701,FALSE,G1,0.647440052,0.352559948,0,0
CGAATTGGTCTGTCCT-1_2,m2,25743,3867,nb,0,0,0,0,0,0,2.098097399,FALSE,G2M,0.10483871,0.284946237,0.610215054,0
CGAATTGTCCGCGAGT-1_2,m2,3377,1822,nb,0,0,0,0,0,0,9.354177345,FALSE,G2M,0.30995935,0.054878049,0.635162602,0
CGACAGCGTGAGCGAT-1_2,m2,11005,3857,nb,0,0,0,0,0,0,5.724809589,FALSE,G1,0.56621881,0.407549584,0.026231606,0
CGACAGCGTGGCGCTT-1_2,m2,1084,791,nb,0,0,0,0,0,0,3.28125,FALSE,G2M,0.404509284,0.014588859,0.580901857,0
CGACAGCTCATTGAGC-1_2,m2,31531,5466,nb,0,0,0,0,0,0,2.295570698,FALSE,G1,0.521104742,0.478895258,0,0
CGACAGCTCGTAGAGG-1_2,m2,8860,2922,nb,0,0,0,0,0,0,3.279263481,FALSE,G1,0.973709834,0.005842259,0.020447907,0
CGAGAAGAGGTAAGAG-1_2,m2,7940,2755,nb,0,0,0,0,0,0,7.491166078,FALSE,G1,0.850682594,0.041808874,0.107508532,0
CGAGAAGAGTTCTACG-1_2,m2,7520,3016,nb,0,0,0,0,0,0,2.086677368,FALSE,S,0.003392706,0.814249364,0.18235793,0
CGAGAAGGTTCTAACG-1_2,m2,7719,3469,nb,0,0,0,0,0,0,4.682165502,FALSE,G1,0.559225513,0.436218679,0.004555809,0
CGAGGAAAGACTCTAC-1_2,m2,3803,1770,nb,0,0,0,0,0,0,2.83535393,FALSE,G1,0.487270156,0.427157001,0.085572843,0
CGAGGAACAGGCGTTC-1_2,m2,19261,5119,nb,0,0,0,0,0,0,2.893636633,FALSE,G1,0.740740741,0.259259259,0,0
CGAGGAAGTTTGTTGG-1_2,m2,15506,4642,nb,0,0,0,0,0,0,4.331291782,FALSE,G2M,0,0.046711153,0.953288847,0
CGAGGAATCTCGGCTT-1_2,m2,9947,3379,nb,0,0,0,0,0,0,3.534678605,FALSE,G1,0.933458294,0.066541706,0,0
CGAGGCTAGCACCAGA-1_2,m2,34799,5744,nb,0,0,0,0,0,0,2.974169425,FALSE,G1,0.802568218,0.197431782,0,0
CGAGGCTTCAGGTGTT-1_2,m2,7998,3421,nb,0,0,0,0,0,0,5.770549623,FALSE,G1,0.852389078,0.147610922,0,0
CGAGGCTTCCACTGGG-1_2,m2,24118,5510,nb,0,0,0,0,0,0,4.483142937,FALSE,G2M,0.030067895,0.003879728,0.966052376,0
CGAGTGCTCTGTGCAA-1_2,m2,4543,1977,nb,0,0,0,0,0,0,3.954022989,FALSE,G1,0.628571429,0.290909091,0.080519481,0
CGAGTTAGTGATCATC-1_2,m2,34721,5823,nb,0,0,0,0,0,0,2.337287342,FALSE,G1,0.710732054,0.289267946,0,0
CGAGTTAGTTCTGAGT-1_2,m2,10484,3891,nb,0,0,0,0,0,0,5.366144866,FALSE,G1,0.526655897,0.473344103,0,0
CGAGTTATCCCTCTTT-1_2,m2,3206,1625,nb,0,0,0,0,0,0,2.009803922,FALSE,G1,0.93364486,0.001869159,0.064485981,0
CGATCGGAGCTATCCA-1_2,m2,13532,4410,nb,0,0,0,0,0,0,3.334742628,FALSE,G1,0.823723229,0.176276771,0,0
CGATCGGGTAAGAACT-1_2,m2,3124,987,nb,0,0,0,0,0,0,2.584134615,FALSE,G1,0.580888516,0.016764459,0.402347024,0
CGATGCGGTCTTTCAT-1_2,m2,21975,5473,TCCAGTCGTAACGATACCG,1.038934206,21162.05084,0.036875385,3101.21989,TCCAGTCGTAACGATACCG_ET27b_M1,0,3.281090724,TRUE,G1,0.458608059,0.518681319,0.022710623,0.96572313
CGATGCGTCCTAGAGT-1_2,m2,21969,5094,nb,0,0,0,0,0,0,6.531891963,FALSE,S,0.535264484,0.297229219,0.167506297,0
CGATGGCGTCTACGAT-1_2,m2,29178,5267,nb,0,0,0,0,0,0,3.299930086,FALSE,G1,0.820344545,0.179655455,0,0
CGATGGCTCCAGTGCG-1_2,m2,14136,4564,nb,0,0,0,0,0,0,4.050089759,FALSE,G1,0.979431929,0.020568071,0,0
CGATGGCTCTCTCGCA-1_2,m2,22081,5798,nb,0,0,0,0,0,0,3.933844454,FALSE,G1,0.579659024,0.419753086,0.000587889,0
CGCAGGTAGTCAGGGT-1_2,m2,18761,5186,nb,0,0,0,0,0,0,3.367600142,FALSE,G1,0.580046404,0.419953596,0,0
CGCATAACATTCCTAT-1_2,m2,12099,3571,nb,0,0,0,0,0,0,3.452995707,FALSE,G1,0.755488266,0.242240727,0.002271007,0
CGCATAAGTCCCTCAT-1_2,m2,46091,6392,nb,0,0,0,0,0,0,3.120034892,FALSE,S,0.45232816,0.055432373,0.492239468,0
CGCATAAGTGACGCCT-1_2,m2,32849,5893,nb,0,0,0,0,0,0,2.835325909,FALSE,G1,0.889442231,0.094621514,0.015936255,0
CGCATGGCACATGACT-1_2,m2,11524,4318,nb,0,0,0,0,0,0,3.522377457,FALSE,G1,0.92506938,0.07493062,0,0
CGCATGGCATCTGCGG-1_2,m2,19427,5161,nb,0,0,0,0,0,0,4.643732027,FALSE,G1,0.700350877,0.299649123,0,0
CGCCAGAAGTGCACAG-1_2,m2,7717,1873,nb,0,0,0,0,0,0,4.201886561,FALSE,G2M,0.002664298,0.109236234,0.888099467,0
CGCGTGACAATAGTCC-1_2,m2,8554,3592,TCCAGTCGTAACGATACCG,1.038934206,21162.05084,0.036875385,3101.21989,TCCAGTCGTAACGATACCG_ET27b_M1,0,3.620797989,TRUE,G1,0.709219858,0.290780142,0,0.96572313
CGCGTGAGTGAGAACC-1_2,m2,20326,5015,nb,0,0,0,0,0,0,3.643861547,FALSE,G1,0.878698225,0,0.121301775,0
CGGAACCAGGCCTAAG-1_2,m2,7961,3190,nb,0,0,0,0,0,0,2.813524099,FALSE,G1,0.967678746,0.012732615,0.019588639,0
CGGAATTTCAAGCCTA-1_2,m2,11534,3516,nb,0,0,0,0,0,0,6.195811658,FALSE,G1,0.92936803,0.057620818,0.013011152,0
CGGACACAGCCGTTGC-1_2,m2,27513,5584,nb,0,0,0,0,0,0,3.335841485,FALSE,G1,0.508138352,0.491861648,0,0
CGGACACCAAACTCTG-1_2,m2,11731,4254,nb,0,0,0,0,0,0,4.486047333,FALSE,G1,0.54884742,0.45115258,0,0
CGGAGAACAAAGCTAA-1_2,m2,9806,3836,nb,0,0,0,0,0,0,3.830342577,FALSE,G1,0.885739593,0.114260407,0,0
CGGAGAATCGTGCGAC-1_2,m2,11076,3706,nb,0,0,0,0,0,0,4.137880347,FALSE,G1,0.882404951,0.019451813,0.098143236,0
CGGGACTTCAGCGCAC-1_2,m2,29410,5293,nb,0,0,0,0,0,0,3.113899006,FALSE,S,0.365546218,0.56302521,0.071428571,0
CGGGACTTCGAGGCAA-1_2,m2,16930,4835,nb,0,0,0,0,0,0,4.178437408,FALSE,G1,0.496111975,0.503888025,0,0
CGGGCATGTCATATGC-1_2,m2,15406,4827,nb,0,0,0,0,0,0,3.505942275,FALSE,G1,0.596522782,0.403477218,0,0
CGGGTCAAGAGCATAT-1_2,m2,15473,4657,nb,0,0,0,0,0,0,4.000824912,FALSE,G1,0.92506938,0.07493062,0,0
CGGGTCACAATCGCCG-1_2,m2,34756,6166,nb,0,0,0,0,0,0,2.560796953,FALSE,G1,0.913682277,0.086317723,0,0
CGGGTCACAGTTTCAG-1_2,m2,28575,5650,nb,0,0,0,0,0,0,2.617789119,FALSE,G1,0.946996466,0.044758539,0.008244994,0
CGGGTCAGTGAGTAGC-1_2,m2,3022,1713,nb,0,0,0,0,0,0,5.870236869,FALSE,G1,0.743164872,0.253521127,0.003314002,0
CGGGTCATCAGAGTGG-1_2,m2,3117,1744,nb,0,0,0,0,0,0,4.64996125,FALSE,G1,0.512572534,0.351386202,0.136041264,0
CGGGTGTGTCGGTAAG-1_2,m2,18707,4972,nb,0,0,0,0,0,0,3.033670408,FALSE,S,0.713607595,0.256329114,0.030063291,0
CGGGTGTTCGCTAAAC-1_2,m2,22706,5651,nb,0,0,0,0,0,0,5.333158619,FALSE,G1,0.537833424,0.462166576,0,0
CGGTCAGCACTGAATC-1_2,m2,24988,5674,TCCAGTCGTAACGATACCG,1.038934206,21162.05084,0.036875385,3101.21989,TCCAGTCGTAACGATACCG_ET27b_M1,0,4.146362315,TRUE,G1,0.727802038,0.272197962,0,0.96572313
CGTAAGTAGTATTAGG-1_2,m2,31023,5879,nb,0,0,0,0,0,0,2.793379925,FALSE,S,0.041586074,0.594777563,0.363636364,0
CGTAAGTGTAGTGGCA-1_2,m2,35975,6011,nb,0,0,0,0,0,0,3.970772041,FALSE,G1,0.693324061,0.306675939,0,0
CGTAAGTTCTTGATTC-1_2,m2,24466,5881,nb,0,0,0,0,0,0,3.661209964,FALSE,G1,0.534473544,0.465526456,0,0
CGTAATGAGATACCAA-1_2,m2,2427,1329,nb,0,0,0,0,0,0,4.788321168,FALSE,G1,0.747393745,0.231756215,0.02085004,0
CGTAATGTCCATACTT-1_2,m2,28912,5465,nb,0,0,0,0,0,0,2.861537646,FALSE,S,0.28422619,0.563988095,0.151785714,0
CGTAATGTCCGTTGGG-1_2,m2,21111,4844,nb,0,0,0,0,0,0,3.581523056,FALSE,G2M,0.000997009,0.001994018,0.997008973,0
CGTAATGTCTAAGGAA-1_2,m2,5526,2464,nb,0,0,0,0,0,0,4.122432097,FALSE,G1,0.829604131,0.106712565,0.063683305,0
CGTAGTACACCTGCTT-1_2,m2,37569,6653,nb,0,0,0,0,0,0,3.555555556,FALSE,G2M,0.026290166,0.005842259,0.967867575,0
CGTAGTAGTGTTTCTT-1_2,m2,22534,5327,nb,0,0,0,0,0,0,5.420326223,FALSE,G1,0.509489917,0.489323843,0.00118624,0
CGTAGTAGTTTGGAAA-1_2,m2,45791,6399,nb,0,0,0,0,0,0,3.867612723,FALSE,G2M,0.021495327,0.098130841,0.880373832,0
CGTAGTATCCATCTGC-1_2,m2,31394,5750,nb,0,0,0,0,0,0,4.17631421,FALSE,G1,0.966183575,0.033816425,0,0
CGTAGTATCCGAACGC-1_2,m2,36241,5905,nb,0,0,0,0,0,0,3.32833228,FALSE,G1,0.955109838,0.044890162,0,0
CGTCAAACAGTCACGC-1_2,m2,51595,6251,nb,0,0,0,0,0,0,2.490921937,FALSE,G2M,0,0.017681729,0.982318271,0
CGTCAAAGTGTACATC-1_2,m2,5719,2374,nb,0,0,0,0,0,0,5.253773921,FALSE,G1,0.923219241,0.025901943,0.050878816,0
CGTCCATCAGACCTGC-1_2,m2,9631,3855,nb,0,0,0,0,0,0,3.502615374,FALSE,G1,0.519020323,0.480979677,0,0
CGTCCATTCAACGCTA-1_2,m2,42526,6437,nb,0,0,0,0,0,0,3.230186886,FALSE,G1,0.865266842,0.134733158,0,0
CGTCCATTCGGAAACG-1_2,m2,25129,5861,nb,0,0,0,0,0,0,4.19341731,FALSE,G1,0.716845878,0.283154122,0,0
CGTGAATCAAAGTATG-1_2,m2,18415,4585,nb,0,0,0,0,0,0,3.473221259,FALSE,G2M,0.021042084,0,0.978957916,0
CGTGAATCAATTAGGA-1_2,m2,2793,1548,nb,0,0,0,0,0,0,6.953642384,FALSE,G1,0.78746594,0.166212534,0.046321526,0
CGTGAATCACAGCATT-1_2,m2,12620,2938,nb,0,0,0,0,0,0,2.658926396,FALSE,G1,0.835174172,0.013593883,0.151231946,0
CGTGAATGTGAACCGA-1_2,m2,19106,3046,nb,0,0,0,0,0,0,2.017842963,FALSE,G1,0.924930491,0.074142725,0.000926784,0
CGTGAATTCCTTTGAT-1_2,m2,19686,5558,nb,0,0,0,0,0,0,5.246924913,FALSE,G2M,0,0.018645731,0.981354269,0
CGTGATAGTATACCTG-1_2,m2,1208,754,nb,0,0,0,0,0,0,2.25660864,FALSE,G1,0.662319835,0.01921757,0.318462594,0
CGTGCTTGTTGTTTGG-1_2,m2,12529,3611,nb,0,0,0,0,0,0,2.682763246,FALSE,G1,0.950570342,0.002851711,0.046577947,0
CGTGCTTTCAGGGTAG-1_2,m2,25199,6091,nb,0,0,0,0,0,0,3.28114402,FALSE,G2M,0.010733453,0.119856887,0.86940966,0
CGTGCTTTCTCGTTTA-1_2,m2,4206,1867,nb,0,0,0,0,0,0,7.005116096,FALSE,G1,0.573789847,0.42325856,0.002951594,0
CGTGTCTCACTGAGGA-1_2,m2,7163,2477,nb,0,0,0,0,0,0,5.181167782,FALSE,G1,0.786926995,0.140067912,0.073005093,0
CGTGTCTCATACAGCT-1_2,m2,2210,1210,nb,0,0,0,0,0,0,3.891050584,FALSE,G1,0.700398406,0.188844622,0.110756972,0
CGTGTCTTCAATCCAG-1_2,m2,8046,2651,nb,0,0,0,0,0,0,2.481608632,FALSE,G1,0.962463908,0,0.037536092,0
CGTTAGAAGTTAGAAC-1_2,m2,13974,4428,nb,0,0,0,0,0,0,3.407313258,FALSE,G1,0.750750751,0.249249249,0,0
CGTTCTGGTCTTTCAT-1_2,m2,12609,4351,nb,0,0,0,0,0,0,3.397907386,FALSE,G1,0.942507069,0.057492931,0,0
CGTTCTGTCCGAGGCT-1_2,m2,23029,5543,nb,0,0,0,0,0,0,3.602407779,FALSE,G1,0.919963201,0.080036799,0,0
CGTTGGGAGTGATAGT-1_2,m2,26723,5658,nb,0,0,0,0,0,0,3.609161344,FALSE,G2M,0.018700787,0,0.981299213,0
CTAACCCAGATACCAA-1_2,m2,4889,2416,nb,0,0,0,0,0,0,8.863751477,FALSE,G1,0.889581478,0.110418522,0,0
CTAACTTCACCTGCAG-1_2,m2,16913,4958,nb,0,0,0,0,0,0,2.664570937,FALSE,G1,0.972762646,0.027237354,0,0
CTAAGTGGTGCTCTCT-1_2,m2,28661,5949,nb,0,0,0,0,0,0,4.088623278,FALSE,G1,0.969512195,0.030487805,0,0
CTACAGACACGCCAGT-1_2,m2,20748,5526,nb,0,0,0,0,0,0,9.295413092,FALSE,G1,0.913242009,0.086757991,0,0
CTACAGAGTTTGATCG-1_2,m2,7273,2593,nb,0,0,0,0,0,0,3.226875898,FALSE,G1,0.949619772,0.006653992,0.043726236,0
CTACAGATCATCACTT-1_2,m2,31992,6351,nb,0,0,0,0,0,0,4.572513157,FALSE,G1,0.727272727,0.272727273,0,0
CTACATTAGTGTCATC-1_2,m2,14769,4913,nb,0,0,0,0,0,0,4.152422626,FALSE,G1,0.587750294,0.412249706,0,0
CTACATTGTAACTAAG-1_2,m2,8419,3380,nb,0,0,0,0,0,0,8.15354441,FALSE,G1,0.598177299,0,0.401822701,0
CTACATTTCCACTTTA-1_2,m2,6331,2846,nb,0,0,0,0,0,0,8.571773512,FALSE,G1,0.74251497,0.256736527,0.000748503,0
CTACCCATCAAGCCTA-1_2,m2,9384,3894,nb,0,0,0,0,0,0,5.698136266,FALSE,G1,0.883303411,0.116696589,0,0
CTACCTGTCGTTGCCT-1_2,m2,37622,6170,nb,0,0,0,0,0,0,3.354494301,FALSE,G2M,0.063522618,0.00481232,0.931665063,0
CTACGGGAGGATTCCT-1_2,m2,4612,1898,nb,0,0,0,0,0,0,2.604026846,FALSE,G1,0.544530783,0.449491931,0.005977286,0
CTACGGGTCCCTCTTT-1_2,m2,14582,4720,nb,0,0,0,0,0,0,4.214075011,FALSE,G2M,0,0.034782609,0.965217391,0
CTACTATGTGGACTAG-1_2,m2,833,545,nb,0,0,0,0,0,0,8.743169399,FALSE,G2M,0.464129757,0.021210231,0.514660012,0
CTAGACACATCCTGTC-1_2,m2,28470,5437,nb,0,0,0,0,0,0,2.925709404,FALSE,G1,0.712857143,0.287142857,0,0
CTAGACATCATAGCAC-1_2,m2,22561,5280,nb,0,0,0,0,0,0,5.282181584,FALSE,G2M,0.121428571,0.043877551,0.834693878,0
CTAGACATCCAAGCCG-1_2,m2,10470,4227,nb,0,0,0,0,0,0,6.588132635,FALSE,G1,0.549116998,0.450883002,0,0
CTAGGTAAGGTTATAG-1_2,m2,6081,2445,nb,0,0,0,0,0,0,2.851274616,FALSE,G1,0.586923077,0.170769231,0.242307692,0
CTAGGTAGTGTAGGAC-1_2,m2,1899,1061,nb,0,0,0,0,0,0,4.66160221,FALSE,G1,0.806346623,0.002441009,0.191212368,0
CTAGGTATCCACCCTA-1_2,m2,2092,1199,nb,0,0,0,0,0,0,3.852459016,FALSE,G1,0.420576597,0.552289429,0.027133974,0
CTAGGTATCCCTTGGT-1_2,m2,26618,5330,nb,0,0,0,0,0,0,2.896984925,FALSE,G1,0.901713255,0.098286745,0,0
CTATAGGAGACATAGT-1_2,m2,19766,5268,nb,0,0,0,0,0,0,4.104227637,FALSE,G2M,0.072302558,0.0378198,0.889877642,0
CTATAGGAGGATGGCT-1_2,m2,14762,2175,nb,0,0,0,0,0,0,2.473498233,FALSE,G1,0.477547496,0.154576857,0.367875648,0
CTATCTAAGGAGCAAA-1_2,m2,13907,4713,nb,0,0,0,0,0,0,4.227111154,FALSE,G1,0.851788756,0.148211244,0,0
CTATCTAAGTGTTGAA-1_2,m2,3288,1595,nb,0,0,0,0,0,0,4.748603352,FALSE,G1,0.820870994,0.011503698,0.167625308,0
CTATCTAGTAGATCGG-1_2,m2,11034,4085,nb,0,0,0,0,0,0,4.597558709,FALSE,G1,0.884173298,0.115826702,0,0
CTATCTATCTGCCTGT-1_2,m2,14386,4372,nb,0,0,0,0,0,0,2.455592785,FALSE,G1,0.78708134,0.21291866,0,0
CTCAAGAAGGTCGTCC-1_2,m2,17294,5015,nb,0,0,0,0,0,0,5.344266348,FALSE,G1,0.847313855,0.143261074,0.009425071,0
CTCAAGAGTACGCTTA-1_2,m2,21875,5291,nb,0,0,0,0,0,0,3.450693937,FALSE,G1,0.843881857,0.156118143,0,0
CTCAAGAGTCTTACTT-1_2,m2,13200,4240,nb,0,0,0,0,0,0,4.198963092,FALSE,S,0.322268326,0.033195021,0.644536653,0
CTCAAGAGTGATTGGG-1_2,m2,10146,3537,nb,0,0,0,0,0,0,4.176507147,FALSE,G1,0.982283465,0.015748031,0.001968504,0
CTCAATTAGCGAGTAC-1_2,m2,10137,4001,nb,0,0,0,0,0,0,3.747559363,FALSE,G1,0.504081633,0.495918367,0,0
CTCACTGAGGGTAATT-1_2,m2,2040,1324,nb,0,0,0,0,0,0,3.653530378,FALSE,G1,0.646165528,0.235383447,0.118451025,0
CTCACTGAGTATCCTG-1_2,m2,42034,6612,nb,0,0,0,0,0,0,3.597908908,FALSE,G1,0.954807692,0.043269231,0.001923077,0
CTCACTGGTGAGCGAT-1_2,m2,6374,3059,nb,0,0,0,0,0,0,6.849315068,FALSE,G1,0.606428138,0.393571862,0,0
CTCACTGTCCACCTCA-1_2,m2,27003,6092,nb,0,0,0,0,0,0,3.242909642,FALSE,G1,0.807773109,0.18592437,0.006302521,0
CTCAGAACAGCACAAG-1_2,m2,10770,3886,nb,0,0,0,0,0,0,7.596801347,FALSE,G1,0.896396396,0.103603604,0,0
CTCAGGGTCACGGAGA-1_2,m2,5499,2282,nb,0,0,0,0,0,0,3.32326284,FALSE,G1,0.506772009,0.461060948,0.032167043,0
CTCAGTCAGTTACGTC-1_2,m2,2476,1234,nb,0,0,0,0,0,0,3.144104803,FALSE,G1,0.564250412,0.05354201,0.382207578,0
CTCAGTCCATAACAGA-1_2,m2,23601,5555,nb,0,0,0,0,0,0,3.644729504,FALSE,G2M,0.000888099,0.115452931,0.88365897,0
CTCATCGCAGCGACAA-1_2,m2,7369,2617,nb,0,0,0,0,0,0,4.643183898,FALSE,G1,0.568627451,0.422145329,0.00922722,0
CTCATCGTCAATCGGT-1_2,m2,27165,5640,nb,0,0,0,0,0,0,2.628530237,FALSE,G2M,0.152477764,0.110546379,0.736975858,0
CTCATCGTCACTACGA-1_2,m2,10716,4150,nb,0,0,0,0,0,0,3.394563733,FALSE,G1,0.784313725,0.215686275,0,0
CTCATGCCACGAAGAC-1_2,m2,32301,6265,nb,0,0,0,0,0,0,3.428571429,FALSE,G2M,0.004911591,0.041257367,0.953831041,0
CTCATTAAGATTGTGA-1_2,m2,9834,2891,nb,0,0,0,0,0,0,2.550686723,FALSE,G1,0.638352638,0.335907336,0.025740026,0
CTCATTATCAAGGTGG-1_2,m2,37773,6060,nb,0,0,0,0,0,0,4.019266206,FALSE,G1,0.887249737,0.112750263,0,0
CTCATTATCATGAGAA-1_2,m2,21436,4979,nb,0,0,0,0,0,0,2.624011503,FALSE,G2M,0.084895259,0.02646086,0.888643881,0
CTCCAACAGCACTCTA-1_2,m2,3666,1774,nb,0,0,0,0,0,0,3.475935829,FALSE,G1,0.545454545,0.454545455,0,0
CTCCAACCATTCTCCG-1_2,m2,2659,1426,nb,0,0,0,0,0,0,2.944444444,FALSE,G1,0.977517107,0.020527859,0.001955034,0
CTCCACAAGGATTCCT-1_2,m2,4261,2195,nb,0,0,0,0,0,0,5.896399706,FALSE,S,0.492957746,0.10915493,0.397887324,0
CTCCACATCCGTTGGG-1_2,m2,24633,5899,nb,0,0,0,0,0,0,4.773751683,FALSE,G2M,0.021986971,0.368892508,0.609120521,0
CTCCACATCTAGGAAA-1_2,m2,22639,5760,nb,0,0,0,0,0,0,3.913382147,FALSE,G2M,0.008991009,0.000999001,0.99000999,0
CTCCATGAGGAACATT-1_2,m2,27568,5982,nb,0,0,0,0,0,0,3.581577658,FALSE,G2M,0.002997003,0,0.997002997,0
CTCCCAACACTCCCTA-1_2,m2,1323,663,nb,0,0,0,0,0,0,8.9375,FALSE,G1,0.3784889,0.351161885,0.270349215,0
CTCCCAATCAGGACGA-1_2,m2,21663,5148,nb,0,0,0,0,0,0,2.967542504,FALSE,G1,0.645614035,0.299415205,0.05497076,0
CTCCCTCAGTTCCAGT-1_2,m2,35826,6247,nb,0,0,0,0,0,0,2.090734616,FALSE,G2M,0.044094488,0.023622047,0.932283465,0
CTCCGATCACATGGTT-1_2,m2,25833,5485,nb,0,0,0,0,0,0,2.428101784,FALSE,G1,0.893559928,0.106440072,0,0
CTCCGATCATGTTCAG-1_2,m2,22585,5597,nb,0,0,0,0,0,0,3.546299786,FALSE,G1,0.750189251,0.248296745,0.001514005,0
CTCCGATGTGGATACG-1_2,m2,6514,2487,nb,0,0,0,0,0,0,3.802376485,FALSE,G1,0.99009901,0.00990099,0,0
CTCCGATGTTCTTGTT-1_2,m2,5333,2143,nb,0,0,0,0,0,0,2.374130168,FALSE,G1,0.785598706,0.202265372,0.012135922,0
CTCCGATTCCATTCGC-1_2,m2,9709,3617,nb,0,0,0,0,0,0,9.80181668,FALSE,G2M,0.003460208,0.196366782,0.80017301,0
CTCCTCCTCGAGTCTA-1_2,m2,17198,4941,nb,0,0,0,0,0,0,2.337307016,FALSE,G1,0.793021412,0.206978588,0,0
CTCGAGGGTGGCACTC-1_2,m2,22193,5455,nb,0,0,0,0,0,0,2.843662331,FALSE,G2M,0.000946074,0.177861873,0.821192053,0
CTCGAGGTCTCAAAGC-1_2,m2,30026,5656,nb,0,0,0,0,0,0,2.654847245,FALSE,G1,0.823045267,0.176954733,0,0
CTCTCAGAGTCAGGGT-1_2,m2,41951,6355,nb,0,0,0,0,0,0,3.027345263,FALSE,G2M,0.201634877,0.002724796,0.795640327,0
CTCTCAGCAGAGTAAT-1_2,m2,13738,4561,nb,0,0,0,0,0,0,2.587213375,FALSE,G1,0.717360115,0.282639885,0,0
CTCTCAGGTGAATATG-1_2,m2,19407,5257,nb,0,0,0,0,0,0,3.492428741,FALSE,G1,0.727074236,0.272925764,0,0
CTCTCGATCTAGACCA-1_2,m2,58978,6923,nb,0,0,0,0,0,0,2.409131946,FALSE,G2M,0.015332198,0.183986371,0.800681431,0
CTCTGGTCAACACAAA-1_2,m2,8983,3952,nb,0,0,0,0,0,0,5.791538724,FALSE,G1,0.62593985,0.37406015,0,0
CTCTGGTCAATCCTTT-1_2,m2,14048,4677,nb,0,0,0,0,0,0,4.530597878,FALSE,G1,0.530883919,0.469116081,0,0
CTGAATGAGGATACCG-1_2,m2,25835,5515,nb,0,0,0,0,0,0,3.445005511,FALSE,G2M,0.157687254,0.018396846,0.8239159,0
CTGAGCGCAGTTAGAA-1_2,m2,22104,5758,nb,0,0,0,0,0,0,3.821695376,FALSE,G1,0.952380952,0.047619048,0,0
CTGAGCGTCGAAGCCC-1_2,m2,1288,814,nb,0,0,0,0,0,0,2.411091019,FALSE,G1,0.742268041,0.033505155,0.224226804,0
CTGAGGCAGGTCCGAA-1_2,m2,45460,6397,nb,0,0,0,0,0,0,2.094303138,FALSE,G2M,0.034591195,0.041928721,0.923480084,0
CTGAGGCTCAAAGGAT-1_2,m2,2481,1534,nb,0,0,0,0,0,0,3.102136377,FALSE,G1,0.745499182,0.225859247,0.028641571,0
CTGAGGCTCGTCAACA-1_2,m2,32272,5871,nb,0,0,0,0,0,0,4.040830991,FALSE,G1,0.550561798,0.449438202,0,0
CTGATCCCACGGGCTT-1_2,m2,2207,1359,nb,0,0,0,0,0,0,5.48537234,FALSE,S,0.075421473,0.812777285,0.111801242,0
CTGCATCTCTCAACCC-1_2,m2,27876,5804,nb,0,0,0,0,0,0,5.695843906,FALSE,G1,0.854700855,0.145299145,0,0
CTGCATCTCTGACAGT-1_2,m2,19589,5255,nb,0,0,0,0,0,0,2.547147532,FALSE,G2M,0.058479532,0,0.941520468,0
CTGCCATTCGAGATGG-1_2,m2,25489,5561,nb,0,0,0,0,0,0,4.086658182,FALSE,G1,0.784313725,0.215686275,0,0
CTGCCTACATGGGTTT-1_2,m2,13800,4634,nb,0,0,0,0,0,0,5.823884198,FALSE,G1,0.714796283,0.285203717,0,0
CTGCCTAGTAAGATAC-1_2,m2,27457,5703,nb,0,0,0,0,0,0,3.326027118,FALSE,G1,0.668326693,0.305776892,0.025896414,0
CTGCCTAGTGGGTTGA-1_2,m2,21335,5477,nb,0,0,0,0,0,0,3.176367556,FALSE,G1,0.79696243,0.20303757,0,0
CTGCGAGCATCGATCA-1_2,m2,32337,6215,nb,0,0,0,0,0,0,3.306113903,FALSE,S,0.786355476,0.078994614,0.13464991,0
CTGCTCAGTAGCGTCC-1_2,m2,20387,4937,nb,0,0,0,0,0,0,3.313368166,FALSE,G1,0.536768653,0.463231347,0,0
CTGCTCATCAGTAGGG-1_2,m2,24431,5553,nb,0,0,0,0,0,0,3.091712825,FALSE,G2M,0.024255788,0.016538037,0.959206174,0
CTGCTCATCTAGCAAC-1_2,m2,7529,2741,nb,0,0,0,0,0,0,3.386748494,FALSE,G1,0.825104603,0.173221757,0.00167364,0
CTGGACGGTAGCCCTG-1_2,m2,34765,6412,nb,0,0,0,0,0,0,5.32506592,FALSE,G2M,0.041808874,0.149317406,0.80887372,0
CTGGACGTCCAATGCA-1_2,m2,11679,4097,nb,0,0,0,0,0,0,5.295834109,FALSE,G1,0.809716599,0.189473684,0.000809717,0
CTGGCAGAGCCGGATA-1_2,m2,13761,4223,nb,0,0,0,0,0,0,3.537952582,FALSE,G1,0.773993808,0.226006192,0,0
CTGGCAGAGCTCCACG-1_2,m2,33308,5648,nb,0,0,0,0,0,0,2.792762885,FALSE,G1,0.767459708,0.232540292,0,0
CTGGCAGAGGCTCACC-1_2,m2,2721,1427,nb,0,0,0,0,0,0,2.516074923,FALSE,G1,0.693508628,0.225143796,0.081347576,0
CTGGCAGGTACAGTCT-1_2,m2,3601,1620,nb,0,0,0,0,0,0,6.568461724,FALSE,G1,0.659359191,0.044688027,0.295952782,0
CTGGCAGGTTTGGAGG-1_2,m2,47456,6778,nb,0,0,0,0,0,0,3.148352139,FALSE,G1,0.628950051,0.001019368,0.370030581,0
CTGGCAGTCTTGAGCA-1_2,m2,33074,5690,nb,0,0,0,0,0,0,3.523934824,FALSE,G1,0.964320154,0.035679846,0,0
CTGTACCAGAGATCGC-1_2,m2,46339,6661,nb,0,0,0,0,0,0,2.701812191,FALSE,S,0.509546539,0,0.490453461,0
CTGTAGAAGAGCATTA-1_2,m2,42654,6571,nb,0,0,0,0,0,0,3.484937021,FALSE,G2M,0.18373494,0.00502008,0.81124498,0
CTGTAGAAGCTAAATG-1_2,m2,7447,3319,nb,0,0,0,0,0,0,8.601671309,FALSE,G2M,0.023138833,0.20221328,0.774647887,0
CTGTAGAAGGTTCCGC-1_2,m2,2697,1440,nb,0,0,0,0,0,0,3.546879296,FALSE,G1,0.56145769,0.366893144,0.071649166,0
CTGTAGAGTCCTTTGC-1_2,m2,10945,3936,nb,0,0,0,0,0,0,3.355862474,FALSE,G1,0.955109838,0.044890162,0,0
CTGTAGATCCATCGTC-1_2,m2,31963,5868,nb,0,0,0,0,0,0,2.892474484,FALSE,G1,0.817109145,0,0.182890855,0
CTGTAGATCGCCAGTG-1_2,m2,6887,3217,nb,0,0,0,0,0,0,8.051784023,FALSE,G1,0.61768617,0.38231383,0,0
CTGTATTGTCAACGCC-1_2,m2,11898,4347,nb,0,0,0,0,0,0,5.699302714,FALSE,G1,0.555702918,0.443633952,0.00066313,0
CTGTGAAGTGACATCT-1_2,m2,19351,5691,nb,0,0,0,0,0,0,5.431695265,FALSE,G1,0.831946755,0.168053245,0,0
CTGTGAAGTGCTCTCT-1_2,m2,56670,5696,nb,0,0,0,0,0,0,2.151658473,FALSE,G2M,0.117647059,0.012834225,0.869518717,0
CTGTGGGAGGTTGACG-1_2,m2,2101,1354,nb,0,0,0,0,0,0,6.820428336,FALSE,G1,0.427589852,0.505813953,0.066596195,0
CTGTGGGTCAAGAATG-1_2,m2,33068,5688,nb,0,0,0,0,0,0,2.24753506,FALSE,G1,0.695894224,0.304105776,0,0
CTGTGGGTCACTGCTC-1_2,m2,8896,3599,nb,0,0,0,0,0,0,6.691644158,FALSE,G2M,0.027230047,0.107981221,0.864788732,0
CTTACCGAGGAGAGTA-1_2,m2,17701,5258,nb,0,0,0,0,0,0,6.422018349,FALSE,G2M,0.002150538,0.303942652,0.69390681,0
CTTACCGCAGGTACGA-1_2,m2,8761,3733,nb,0,0,0,0,0,0,5.254250947,FALSE,G1,0.829187396,0.170812604,0,0
CTTAGGACATGACGGA-1_2,m2,19289,4796,nb,0,0,0,0,0,0,3.569074611,FALSE,G1,0.968992248,0.031007752,0,0
CTTAGGAGTCGATTCA-1_2,m2,5930,2786,nb,0,0,0,0,0,0,5.206356736,FALSE,G1,0.576735688,0.422046285,0.001218027,0
CTTAGGATCTTGGTGA-1_2,m2,20124,5404,nb,0,0,0,0,0,0,3.413016925,FALSE,G2M,0,0,1,0
CTTCAATAGACGTCGA-1_2,m2,23820,5490,nb,0,0,0,0,0,0,2.871739715,FALSE,G2M,0,0.19240097,0.80759903,0
CTTCAATGTCACGACC-1_2,m2,2834,1473,nb,0,0,0,0,0,0,2.783435166,FALSE,G1,0.703840473,0.271048744,0.025110783,0
CTTCAATGTGCCCGTA-1_2,m2,3711,1704,nb,0,0,0,0,0,0,9.395312192,FALSE,S,0.349132948,0.603468208,0.047398844,0
CTTCCGAGTGTACATC-1_2,m2,15482,4496,nb,0,0,0,0,0,0,2.752759102,FALSE,G1,0.565019875,0.434980125,0,0
CTTCCTTCATCCAATG-1_2,m2,772,475,nb,0,0,0,0,0,0,3.10786106,FALSE,G1,NA,NA,NA,0
CTTCGGTAGTACTCGT-1_2,m2,32725,5921,nb,0,0,0,0,0,0,2.030053755,FALSE,G1,0.633713561,0.366286439,0,0
CTTCGGTCACAGCCAC-1_2,m2,21187,5770,nb,0,0,0,0,0,0,3.797983912,FALSE,G1,0.936329588,0.063670412,0,0
CTTCGGTGTCGGCACT-1_2,m2,43605,7035,nb,0,0,0,0,0,0,3.749371294,FALSE,G1,0.817361894,0.05524239,0.127395716,0
CTTCGGTGTTACGCCG-1_2,m2,2336,1298,nb,0,0,0,0,0,0,4.334868599,FALSE,G1,0.657856094,0.292217327,0.049926579,0
CTTCGGTTCATGAGGG-1_2,m2,17486,5100,nb,0,0,0,0,0,0,3.689244583,FALSE,G1,0.796528447,0.166827387,0.036644166,0
CTTCGGTTCATTCATC-1_2,m2,14299,4613,nb,0,0,0,0,0,0,7.726816599,FALSE,G2M,0.012143291,0.424408015,0.563448695,0
CTTCGGTTCATTCCTA-1_2,m2,14104,4928,nb,0,0,0,0,0,0,4.81215028,FALSE,G1,0.709013485,0.290986515,0,0
CTTCTAAAGTCACACT-1_2,m2,45765,6414,nb,0,0,0,0,0,0,3.235775592,FALSE,G2M,0.187363834,0.209150327,0.603485839,0
CTTCTAACAGTTGTCA-1_2,m2,28823,5786,nb,0,0,0,0,0,0,2.58143246,FALSE,G1,0.866319444,0.133680556,0,0
CTTCTAACATGAGTAA-1_2,m2,21500,4928,nb,0,0,0,0,0,0,3.123791103,FALSE,G1,0.53164557,0.009493671,0.458860759,0
CTTCTAAGTGGAATGC-1_2,m2,45173,6295,nb,0,0,0,0,0,0,3.736609555,FALSE,G1,0.901554404,0.091968912,0.006476684,0
CTTCTCTAGTCCGCGT-1_2,m2,50509,6494,nb,0,0,0,0,0,0,2.569116751,FALSE,G1,0.928194298,0.070749736,0.001055966,0
CTTCTCTGTGTTCGAT-1_2,m2,21014,5314,nb,0,0,0,0,0,0,4.205069124,FALSE,G2M,0,0.037536092,0.962463908,0
CTTGAGACAATAGTCC-1_2,m2,13681,3836,nb,0,0,0,0,0,0,2.584035914,FALSE,G1,0.898289829,0.101710171,0,0
CTTGAGAGTATCGCAT-1_2,m2,6409,2874,nb,0,0,0,0,0,0,9.121329879,FALSE,G1,0.588380717,0.362793572,0.048825711,0
CTTGATTAGCTAATCC-1_2,m2,3445,1703,nb,0,0,0,0,0,0,2.254560361,FALSE,G1,0.718553459,0.213050314,0.068396226,0
CTTGATTGTTAGGAGC-1_2,m2,13201,3624,nb,0,0,0,0,0,0,2.906778699,FALSE,G1,0.991080278,0,0.008919722,0
CTTGATTGTTGCGGCT-1_2,m2,24362,5622,nb,0,0,0,0,0,0,3.183495739,FALSE,G1,0.591366056,0.408633944,0,0
CTTTCAATCCTCTGCA-1_2,m2,44390,6501,nb,0,0,0,0,0,0,4.689791445,FALSE,G1,0.57266436,0.42733564,0,0
CTTTCAATCGCTAATG-1_2,m2,12469,4333,nb,0,0,0,0,0,0,5.04784689,FALSE,S,0.308571429,0.650285714,0.041142857,0
CTTTCGGAGCCAAGTG-1_2,m2,6307,2922,nb,0,0,0,0,0,0,4.718004338,FALSE,S,0.402154399,0.187612208,0.410233393,0
CTTTCGGCATCTTAGG-1_2,m2,22675,5337,nb,0,0,0,0,0,0,3.035267981,FALSE,G1,0.544959128,0.455040872,0,0
CTTTCGGTCGAGTACT-1_2,m2,17664,5250,nb,0,0,0,0,0,0,3.817027461,FALSE,G2M,0,0.031945789,0.968054211,0
GAAACCTAGTGTCATC-1_2,m2,1573,952,nb,0,0,0,0,0,0,3.587613293,FALSE,G1,0.713662791,0.282703488,0.003633721,0
GAAACCTGTTGGACTT-1_2,m2,6820,2614,nb,0,0,0,0,0,0,3.55706119,FALSE,G1,0.801612903,0.166935484,0.031451613,0
GAAATGACATGTTCAG-1_2,m2,28102,5380,nb,0,0,0,0,0,0,5.299145299,FALSE,G1,0.708390646,0.133425034,0.158184319,0
GAAATGAGTCTGATCA-1_2,m2,30141,5639,nb,0,0,0,0,0,0,2.863477246,FALSE,G1,0.946073794,0.053926206,0,0
GAAATGATCGCTCATC-1_2,m2,29460,5581,nb,0,0,0,0,0,0,2.709238173,FALSE,G1,0.796311147,0.203688853,0,0
GAACACTCACCGTACG-1_2,m2,22330,5297,nb,0,0,0,0,0,0,2.475039095,FALSE,G1,0.684697509,0.314590747,0.000711744,0
GAACTGTAGAGTTCGG-1_2,m2,5919,2552,nb,0,0,0,0,0,0,6.657681941,FALSE,G1,0.91399817,0.072278134,0.013723696,0
GAACTGTCACAATCTG-1_2,m2,50773,6648,nb,0,0,0,0,0,0,2.59138372,FALSE,G1,0.739018088,0.009043928,0.251937984,0
GAACTGTTCCGAGTGC-1_2,m2,24578,5702,nb,0,0,0,0,0,0,5.563615719,FALSE,G1,0.919664269,0.056354916,0.023980815,0
GAAGAATGTATGAGCG-1_2,m2,31739,6073,nb,0,0,0,0,0,0,2.51352731,FALSE,G2M,0.022637795,0.00984252,0.967519685,0
GAAGCCCCAAAGGCTG-1_2,m2,25201,5886,nb,0,0,0,0,0,0,4.65005332,FALSE,G2M,0,0.10793934,0.89206066,0
GAAGCCCCAGGGTTGA-1_2,m2,41739,6221,nb,0,0,0,0,0,0,3.673285511,FALSE,G2M,0.155594406,0.002622378,0.841783217,0
GAAGCCCGTTTAGTCG-1_2,m2,22523,4563,nb,0,0,0,0,0,0,2.519557404,FALSE,G2M,0.018627451,0.000980392,0.980392157,0
GAAGCGACACCTGCAG-1_2,m2,46515,6574,nb,0,0,0,0,0,0,2.865077114,FALSE,G1,0.996015936,0.003984064,0,0
GAAGGACCAAGGTACG-1_2,m2,1428,850,nb,0,0,0,0,0,0,6.644518272,FALSE,G2M,0.052205221,0.052205221,0.895589559,0
GAAGGACCAATGGCAG-1_2,m2,4027,2087,nb,0,0,0,0,0,0,9.432611419,FALSE,G1,0.698660714,0.104910714,0.196428571,0
GAAGGACCACCCAACG-1_2,m2,2544,1389,nb,0,0,0,0,0,0,3.139013453,FALSE,G1,0.430662021,0.395818815,0.173519164,0
GAAGGACTCATTCGGA-1_2,m2,39417,6070,nb,0,0,0,0,0,0,3.093382554,FALSE,G1,0.874190564,0.124884366,0.000925069,0
GAAGGGTAGACGCATG-1_2,m2,8536,3581,nb,0,0,0,0,0,0,3.237849092,FALSE,G1,0.552850028,0.447149972,0,0
GAAGGGTGTAGCTCGC-1_2,m2,12747,4157,nb,0,0,0,0,0,0,2.39879306,FALSE,G1,0.510031679,0.489968321,0,0
GAAGTAAGTCGTGGAA-1_2,m2,18372,4951,nb,0,0,0,0,0,0,4.582550794,FALSE,G2M,0.092830882,0.033088235,0.874080882,0
GAAGTAATCTACACTT-1_2,m2,48098,6638,nb,0,0,0,0,0,0,5.084795066,FALSE,G1,0.490374332,0.509625668,0,0
GAATCACGTCTACAGT-1_2,m2,26108,5889,nb,0,0,0,0,0,0,3.784274948,FALSE,S,0.140089419,0.347242921,0.51266766,0
GAATCACTCTCACTCG-1_2,m2,5203,2538,nb,0,0,0,0,0,0,2.790838768,FALSE,G2M,0.124735729,0.029598309,0.845665962,0
GAATCGTAGCCTCACG-1_2,m2,51715,6746,nb,0,0,0,0,0,0,2.882786004,FALSE,G2M,0.220670391,0.020949721,0.758379888,0
GACACGCAGATGAAGG-1_2,m2,5206,2263,nb,0,0,0,0,0,0,5.374735004,FALSE,G1,0.793495935,0.083739837,0.122764228,0
GACACGCCATGTTCAG-1_2,m2,2677,1366,nb,0,0,0,0,0,0,5.67553993,FALSE,G1,0.500267523,0.470840021,0.028892456,0
GACAGCCCATAGCACT-1_2,m2,22688,5572,nb,0,0,0,0,0,0,3.434896382,FALSE,G2M,0,0.080298786,0.919701214,0
GACATCAAGCTCTTCC-1_2,m2,30886,6283,nb,0,0,0,0,0,0,3.219133507,FALSE,G2M,0.030081301,0.300813008,0.669105691,0
GACATCAGTTTCCATT-1_2,m2,53654,6810,nb,0,0,0,0,0,0,3.748012936,FALSE,G1,0.737551867,0.255186722,0.007261411,0
GACCAATAGAGCATAT-1_2,m2,37790,6074,nb,0,0,0,0,0,0,3.00150075,FALSE,G1,0.531914894,0.468085106,0,0
GACCAATAGGATAATC-1_2,m2,15675,4608,nb,0,0,0,0,0,0,3.124575465,FALSE,G1,0.993034826,0.006965174,0,0
GACCAATGTCCGGCAT-1_2,m2,13938,4355,nb,0,0,0,0,0,0,3.395980648,FALSE,G1,0.836150845,0.078023407,0.085825748,0
GACCAATGTTCGAACT-1_2,m2,26806,6038,nb,0,0,0,0,0,0,3.570077293,FALSE,S,0.075,0.4375,0.4875,0
GACCCAGAGATGCGAC-1_2,m2,3223,1607,nb,0,0,0,0,0,0,4.964167104,FALSE,G2M,0.091002045,0.336400818,0.572597137,0
GACCCAGAGCGGTAGT-1_2,m2,24204,5465,nb,0,0,0,0,0,0,3.370786517,FALSE,G1,0.71969697,0.28030303,0,0
GACCCAGCAATTCGTG-1_2,m2,6882,2848,nb,0,0,0,0,0,0,2.495697074,FALSE,G1,0.896860987,0.095067265,0.008071749,0
GACCCAGGTCCTTTGC-1_2,m2,20470,5462,nb,0,0,0,0,0,0,3.818218843,FALSE,S,0.330434783,0.436521739,0.233043478,0
GACCCTTAGGCACTAG-1_2,m2,10950,3912,nb,0,0,0,0,0,0,5.557452038,FALSE,G1,0.906838454,0.005946482,0.087215064,0
GACCCTTAGTCGTTAC-1_2,m2,3566,1849,nb,0,0,0,0,0,0,3.220684963,FALSE,G1,0.489494163,0.129961089,0.380544747,0
GACCTTCCAGCAGAAC-1_2,m2,25930,5611,nb,0,0,0,0,0,0,3.362247227,FALSE,G1,0.923578751,0.076421249,0,0
GACGCTGGTAGTATAG-1_2,m2,2782,1489,nb,0,0,0,0,0,0,4.391743522,FALSE,G1,0.9765625,0.014648438,0.008789063,0
GACGTTAAGCGGTAAC-1_2,m2,21444,5115,nb,0,0,0,0,0,0,3.73280943,FALSE,G2M,0.054371002,0.003198294,0.942430704,0
GACGTTAAGTTCATGC-1_2,m2,14098,4399,nb,0,0,0,0,0,0,9.187914186,FALSE,G1,0.462627407,0.533975085,0.003397508,0
GACTCAAAGAAGGGAT-1_2,m2,14223,4390,nb,0,0,0,0,0,0,6.097222222,FALSE,G1,0.921475875,0.078524125,0,0
GACTCAAGTAGCGCTC-1_2,m2,38513,6606,nb,0,0,0,0,0,0,2.689936615,FALSE,G1,0.875656743,0.124343257,0,0
GACTCAAGTTTGCAGT-1_2,m2,4835,2026,nb,0,0,0,0,0,0,4.376548307,FALSE,G1,0.714710253,0.280089153,0.005200594,0
GACTCAATCAAAGCCT-1_2,m2,2386,1304,nb,0,0,0,0,0,0,3.85683431,FALSE,G1,0.624526874,0.353520061,0.021953066,0
GACTCTCCATATAGCC-1_2,m2,15957,4698,nb,0,0,0,0,0,0,3.236804445,FALSE,G1,0.956022945,0.043977055,0,0
GACTCTCCATGATAGA-1_2,m2,37429,6380,nb,0,0,0,0,0,0,4.050506792,FALSE,S,0.595923261,0.069544365,0.334532374,0
GACTCTCGTCTCGCGA-1_2,m2,11419,3216,nb,0,0,0,0,0,0,2.422340759,FALSE,G1,0.73427673,0.253144654,0.012578616,0
GACTGATTCCGAGGCT-1_2,m2,17628,4779,nb,0,0,0,0,0,0,3.288835857,FALSE,G1,0.744601638,0.255398362,0,0
GACTTCCAGATTGGGC-1_2,m2,27232,6795,nb,0,0,0,0,0,0,4.468589168,FALSE,G1,0.878734622,0.121265378,0,0
GACTTCCAGCGTGCTC-1_2,m2,8695,1661,nb,0,0,0,0,0,0,5.6137642,FALSE,G1,0.566061365,0.333124609,0.100814026,0
GACTTCCTCACTTGTT-1_2,m2,15162,4642,nb,0,0,0,0,0,0,3.090931363,FALSE,G1,0.917431193,0.082568807,0,0
GACTTCCTCAGACTGT-1_2,m2,6731,2993,nb,0,0,0,0,0,0,9.857264853,FALSE,G1,0.683631362,0.316368638,0,0
GAGAAATGTACTCCCT-1_2,m2,45740,6539,nb,0,0,0,0,0,0,3.094231279,FALSE,G2M,0.120890774,0.026511135,0.852598091,0
GAGAAATTCGCGATCG-1_2,m2,6896,3121,nb,0,0,0,0,0,0,7.147062287,FALSE,G1,0.71942446,0.28057554,0,0
GAGAAATTCGGAACTT-1_2,m2,14223,4643,nb,0,0,0,0,0,0,4.461848288,FALSE,G1,0.877425044,0.122574956,0,0
GAGACCCCAACCACGC-1_2,m2,7223,2552,nb,0,0,0,0,0,0,2.929102408,FALSE,G1,0.795644891,0.113065327,0.091289782,0
GAGACTTGTGCCTTTC-1_2,m2,41361,6074,nb,0,0,0,0,0,0,2.297964473,FALSE,G1,0.955252918,0.043774319,0.000972763,0
GAGAGGTGTAGTTCCA-1_2,m2,53795,6927,nb,0,0,0,0,0,0,3.895902719,FALSE,G2M,0.234934498,0,0.765065502,0
GAGAGGTGTCACTTAG-1_2,m2,10886,3794,nb,0,0,0,0,0,0,4.200789489,FALSE,G1,0.903342367,0.096657633,0,0
GAGAGGTTCAGTGCGC-1_2,m2,52926,6830,nb,0,0,0,0,0,0,3.776020436,FALSE,S,0.32934927,0.462151394,0.208499336,0
GAGATGGCAGTTGTCA-1_2,m2,31388,5523,nb,0,0,0,0,0,0,2.92524601,FALSE,G1,0.844444444,0.155555556,0,0
GAGATGGGTTGCTCCT-1_2,m2,13497,4381,nb,0,0,0,0,0,0,2.949076064,FALSE,G1,0.973658537,0.026341463,0,0
GAGATGGTCCTTATCA-1_2,m2,23078,5287,nb,0,0,0,0,0,0,3.216408008,FALSE,G1,0.642673522,0.357326478,0,0
GAGATGGTCGTAATGC-1_2,m2,12776,3740,nb,0,0,0,0,0,0,4.060422961,FALSE,G2M,0.008789063,0.032226563,0.958984375,0
GAGATGGTCGTTAGTG-1_2,m2,59231,6746,nb,0,0,0,0,0,0,2.370218897,FALSE,G2M,0.27545552,0.004287245,0.720257235,0
GAGCCTGAGCCGGATA-1_2,m2,10536,3294,nb,0,0,0,0,0,0,2.663403398,FALSE,G1,0.890681004,0,0.109318996,0
GAGCCTGAGTTAGAAC-1_2,m2,7960,2905,nb,0,0,0,0,0,0,2.373384192,FALSE,G1,0.687350835,0.068416866,0.244232299,0
GAGCTGCCAATCGCAT-1_2,m2,23529,5564,nb,0,0,0,0,0,0,2.212852394,FALSE,G2M,0.07249467,0.02771855,0.89978678,0
GAGCTGCCACATAACC-1_2,m2,9904,3352,nb,0,0,0,0,0,0,3.757102875,FALSE,G1,0.721500722,0.278499278,0,0
GAGCTGCCAGCGTGAA-1_2,m2,2885,1499,nb,0,0,0,0,0,0,2.588046958,FALSE,G1,0.644067797,0.227118644,0.128813559,0
GAGCTGCTCCTTTAGT-1_2,m2,10190,3945,nb,0,0,0,0,0,0,4.522269221,FALSE,G1,0.848896435,0.151103565,0,0
GAGGCAAAGAAGTCAT-1_2,m2,11863,4045,nb,0,0,0,0,0,0,5.726455277,FALSE,G2M,0.000909091,0.094545455,0.904545455,0
GAGGCAATCCTCAGAA-1_2,m2,14495,4520,nb,0,0,0,0,0,0,3.760815971,FALSE,G1,0.663101604,0.328877005,0.00802139,0
GAGGCAATCGTCACCT-1_2,m2,10840,4070,nb,0,0,0,0,0,0,3.444856203,FALSE,G1,0.798722045,0.201277955,0,0
GAGGCCTAGAAGTGTT-1_2,m2,2308,1260,nb,0,0,0,0,0,0,4.484173505,FALSE,G1,0.696053736,0.237615449,0.066330814,0
GAGGCCTAGACTGTTC-1_2,m2,19318,5544,nb,0,0,0,0,0,0,3.056815341,FALSE,G1,0.704721635,0.295278365,0,0
GAGGCCTAGATGACCG-1_2,m2,4914,2012,nb,0,0,0,0,0,0,4.367215131,FALSE,G1,0.867248908,0.043668122,0.089082969,0
GAGGCCTAGTACCATC-1_2,m2,3200,1622,nb,0,0,0,0,0,0,6.228373702,FALSE,G1,0.844202899,0.112318841,0.043478261,0
GAGGCCTGTAAGGCTG-1_2,m2,18892,5136,nb,0,0,0,0,0,0,4.276292462,FALSE,G1,0.553403431,0.446596569,0,0
GAGGCCTTCTTCTAAC-1_2,m2,18691,4596,nb,0,0,0,0,0,0,3.24242977,FALSE,G2M,0.004995005,0,0.995004995,0
GAGGGATTCCTGTAAG-1_2,m2,31889,5997,nb,0,0,0,0,0,0,3.890468353,FALSE,G1,0.679752066,0.319559229,0.000688705,0
GAGGGTACACTAGAGG-1_2,m2,61483,6753,nb,0,0,0,0,0,0,2.449082165,FALSE,S,0.07823741,0.638489209,0.283273381,0
GAGGGTAGTCGAATTC-1_2,m2,14374,4775,nb,0,0,0,0,0,0,6.17164432,FALSE,S,0.392276423,0.396341463,0.211382114,0
GAGTCATAGATAACGT-1_2,m2,49213,6781,nb,0,0,0,0,0,0,3.008310729,FALSE,S,0.291603053,0.242748092,0.465648855,0
GAGTCATCAAATGAGT-1_2,m2,5812,2326,nb,0,0,0,0,0,0,3.475134811,FALSE,G1,0.520965693,0.451715375,0.027318933,0
GAGTCATCAGTTAAAG-1_2,m2,16970,5162,nb,0,0,0,0,0,0,4.213609734,FALSE,G1,0.842459983,0.157540017,0,0
GAGTCATGTAGCTTGT-1_2,m2,4473,2332,nb,0,0,0,0,0,0,3.414938406,FALSE,G1,0.666903915,0.332384342,0.000711744,0
GAGTCATGTCGTACTA-1_2,m2,10614,3795,nb,0,0,0,0,0,0,2.29689244,FALSE,G2M,0.157776108,0.123215627,0.719008264,0
GAGTCTAGTACTAACC-1_2,m2,21154,5570,nb,0,0,0,0,0,0,3.863010906,FALSE,S,0.507972665,0.018223235,0.4738041,0
GAGTGAGGTGATAGAT-1_2,m2,7126,3141,nb,0,0,0,0,0,0,3.807420495,FALSE,G1,0.557724484,0.442275516,0,0
GAGTGAGTCACCTACC-1_2,m2,4899,1934,nb,0,0,0,0,0,0,3.966051901,FALSE,G1,0.895964126,0.08161435,0.022421525,0
GAGTTACAGCCGAACA-1_2,m2,22366,3476,nb,0,0,0,0,0,0,2.310624107,FALSE,G2M,0,0.005964215,0.994035785,0
GAGTTACAGTGATTCC-1_2,m2,12705,3905,TCCACTACTATCGGGCGGGGCTACTACCG,0,0,0,0,TCCACTACTATCGGGCGGGGCTACTACCG_ET27b_M1,6.31E-08,3.206049622,TRUE,G2M,0,0.185004075,0.814995925,0
GAGTTACAGTTGCGCC-1_2,m2,23794,5920,nb,0,0,0,0,0,0,5.290536147,FALSE,G2M,0,0.136442142,0.863557858,0
GAGTTACGTTCATCTT-1_2,m2,37752,6522,nb,0,0,0,0,0,0,5.253483546,FALSE,S,0.241852487,0.598627787,0.159519726,0
GAGTTACGTTCGATTG-1_2,m2,25346,5062,nb,0,0,0,0,0,0,4.095284712,FALSE,G1,0.951485149,0.038613861,0.00990099,0
GAGTTGTAGGCGATAC-1_2,m2,8320,3442,nb,0,0,0,0,0,0,4.107963814,FALSE,G1,0.872600349,0.127399651,0,0
GAGTTGTCACAGTCGC-1_2,m2,28268,5564,nb,0,0,0,0,0,0,3.315939279,FALSE,G1,0.917439703,0.076994434,0.005565863,0
GAGTTGTCACTGTGTA-1_2,m2,8069,2662,nb,0,0,0,0,0,0,2.229327649,FALSE,G1,0.889891697,0.060469314,0.049638989,0
GAGTTGTGTCGAATGG-1_2,m2,1872,1049,nb,0,0,0,0,0,0,3.86676876,FALSE,G1,0.71129326,0.206739526,0.081967213,0
GAGTTGTTCTCGCCTA-1_2,m2,2545,1308,nb,0,0,0,0,0,0,2.912621359,FALSE,G1,0.634462151,0.228087649,0.137450199,0
GATAGAAAGCATATGA-1_2,m2,5154,2202,nb,0,0,0,0,0,0,3.936239427,FALSE,G1,0.631701632,0.212898213,0.155400155,0
GATAGAATCACCCATC-1_2,m2,3459,1869,nb,0,0,0,0,0,0,3.006506619,FALSE,G1,0.489064399,0.479343864,0.031591738,0
GATAGCTAGAGCAGTC-1_2,m2,12009,4160,nb,0,0,0,0,0,0,3.438291712,FALSE,G1,0.806451613,0.193548387,0,0
GATCACATCATTCATC-1_2,m2,923,640,nb,0,0,0,0,0,0,2.291325696,FALSE,G1,0.729916065,0.008884553,0.261199382,0
GATCAGTCAACCGTAT-1_2,m2,27587,5878,nb,0,0,0,0,0,0,3.24615423,FALSE,G1,0.795472918,0.204527082,0,0
GATCAGTCAAGCGAGT-1_2,m2,21205,5421,nb,0,0,0,0,0,0,3.617188444,FALSE,G2M,0.000999001,0,0.999000999,0
GATCAGTCACAGTATC-1_2,m2,1349,893,nb,0,0,0,0,0,0,7.094972067,FALSE,G1,0.832618026,0.101573677,0.065808298,0
GATCAGTCAGACGCTC-1_2,m2,39479,6147,nb,0,0,0,0,0,0,2.525834351,FALSE,G1,0.722021661,0.277978339,0,0
GATCAGTGTAACACCT-1_2,m2,9261,3681,nb,0,0,0,0,0,0,8.105939005,FALSE,G1,0.502515091,0.497484909,0,0
GATCAGTGTCCTGGGT-1_2,m2,24670,5471,nb,0,0,0,0,0,0,2.472258065,FALSE,G2M,0,0.026290166,0.973709834,0
GATCCCTAGGCGAACT-1_2,m2,17784,5275,nb,0,0,0,0,0,0,4.553600521,FALSE,G1,0.447983015,0.537862703,0.014154282,0
GATCCCTGTACTGCGC-1_2,m2,28944,4693,nb,0,0,0,0,0,0,2.364720313,FALSE,G1,0.747384155,0.25186846,0.000747384,0
GATGACTGTACCGCGT-1_2,m2,16934,5092,nb,0,0,0,0,0,0,4.157943221,FALSE,G2M,0,0.010880317,0.989119683,0
GATGATCAGTTTCGGT-1_2,m2,29193,5477,nb,0,0,0,0,0,0,3.341507575,FALSE,G1,0.716901408,0.277464789,0.005633803,0
GATGCTAAGTTGGGAC-1_2,m2,50730,6602,nb,0,0,0,0,0,0,2.437367643,FALSE,G2M,0.185416667,0.0375,0.777083333,0
GATGCTATCATTCGTT-1_2,m2,12367,4362,nb,0,0,0,0,0,0,3.325452303,FALSE,G1,0.683060109,0.316939891,0,0
GATGGAGTCACTCTTA-1_2,m2,5262,2383,nb,0,0,0,0,0,0,4.272394665,FALSE,G1,0.845308538,0.154691462,0,0
GATGTTGTCTGCACCT-1_2,m2,45523,6132,nb,0,0,0,0,0,0,2.681648866,FALSE,S,0.35608049,0.636920385,0.006999125,0
GATTCGAAGAATAGTC-1_2,m2,14776,4257,nb,0,0,0,0,0,0,8.461460651,FALSE,G1,0.565639269,0.434360731,0,0
GATTCGAGTTCCGGTG-1_2,m2,10704,2816,nb,0,0,0,0,0,0,2.489591299,FALSE,G1,0.650717703,0.34859877,0.000683527,0
GATTCTTCATCTTCGC-1_2,m2,42438,6456,nb,0,0,0,0,0,0,2.541781573,FALSE,G1,0.689655172,0.310344828,0,0
GATTCTTTCACCATCC-1_2,m2,18845,4890,nb,0,0,0,0,0,0,8.986806074,FALSE,G1,0.720576461,0.001601281,0.277822258,0
GATTGGTCAAATGCGG-1_2,m2,7896,3050,nb,0,0,0,0,0,0,8.506616257,FALSE,G1,0.578290106,0.011527378,0.410182517,0
GATTGGTGTCGCTTAA-1_2,m2,26040,5804,nb,0,0,0,0,0,0,3.855248824,FALSE,G1,0.910179641,0.087824351,0.001996008,0
GATTTCTCATGACAAA-1_2,m2,33237,6090,nb,0,0,0,0,0,0,2.220057632,FALSE,G1,0.777604977,0.222395023,0,0
GATTTCTTCTGAATCG-1_2,m2,6405,2653,nb,0,0,0,0,0,0,5.771324864,FALSE,G1,0.654025283,0.342648037,0.00332668,0
GATTTCTTCTGGGCCA-1_2,m2,28982,6146,nb,0,0,0,0,0,0,3.057005021,FALSE,G2M,0.023517382,0.04396728,0.932515337,0
GCAACATAGCACTCGC-1_2,m2,41396,6366,nb,0,0,0,0,0,0,3.334483722,FALSE,G1,0.979466119,0.017453799,0.003080082,0
GCAACATAGCGATGCA-1_2,m2,3585,1619,nb,0,0,0,0,0,0,3.726997438,FALSE,G1,0.793296089,0.015163607,0.191540303,0
GCAACATTCAGTAGGG-1_2,m2,3108,1725,nb,0,0,0,0,0,0,2.862218713,FALSE,G1,0.516600266,0.469455511,0.013944223,0
GCAACCGAGATGATTG-1_2,m2,22573,4803,nb,0,0,0,0,0,0,2.679450257,FALSE,G2M,0,0.037536092,0.962463908,0
GCACATATCGGCGATC-1_2,m2,46483,6739,nb,0,0,0,0,0,0,3.142835516,FALSE,S,0.345153664,0.159574468,0.495271868,0
GCACGGTGTCCGGCAT-1_2,m2,20579,5227,nb,0,0,0,0,0,0,2.476153143,FALSE,G1,0.968410661,0.031589339,0,0
GCACGTGCAAATCCCA-1_2,m2,2257,1262,nb,0,0,0,0,0,0,3.468547913,FALSE,G1,0.918001885,0.028275212,0.053722903,0
GCACGTGGTCAGGCAA-1_2,m2,6886,2799,nb,0,0,0,0,0,0,6.20489066,FALSE,G1,0.698575949,0.226265823,0.075158228,0
GCACGTGGTTAGAGTA-1_2,m2,17904,4205,nb,0,0,0,0,0,0,3.878362075,FALSE,G1,0.520562207,0.479437793,0,0
GCACGTGTCGCTCTAC-1_2,m2,7702,3242,nb,0,0,0,0,0,0,4.424218441,FALSE,G1,0.54009434,0.458726415,0.001179245,0
GCACTAAAGTGTAGTA-1_2,m2,35019,6247,nb,0,0,0,0,0,0,3.244376743,FALSE,G2M,0.015810277,0.000988142,0.983201581,0
GCACTAACACAGCCAC-1_2,m2,22527,5763,nb,0,0,0,0,0,0,3.165599848,FALSE,G1,0.617875648,0.380829016,0.001295337,0
GCACTAAGTTAGAGTA-1_2,m2,7473,3323,TCCAGTAGCTCTACTATCGTTAGCTACTACCG,0,0,0,0,TCCAGTAGCTCTACTATCGTTAGCTACTACCG_ET27b_M1,1.18E-05,4.186440678,TRUE,G1,0.926275992,0.056710775,0.017013233,0
GCAGCCAGTAGCGTCC-1_2,m2,25320,5999,nb,0,0,0,0,0,0,3.823291379,FALSE,G2M,0,0.285816619,0.714183381,0
GCAGCCAGTAGGCTCC-1_2,m2,3881,1802,nb,0,0,0,0,0,0,2.736558104,FALSE,G1,0.807317073,0.08699187,0.105691057,0
GCAGCTGCAAGCAGGT-1_2,m2,29768,5735,nb,0,0,0,0,0,0,2.675882037,FALSE,G1,0.516528926,0.483471074,0,0
GCAGCTGTCCATTGCC-1_2,m2,24857,5620,nb,0,0,0,0,0,0,2.460291014,FALSE,G2M,0.092896175,0.036065574,0.871038251,0
GCAGGCTAGAGGACTC-1_2,m2,39119,6172,nb,0,0,0,0,0,0,2.608392218,FALSE,G1,0.992063492,0.007936508,0,0
GCAGGCTCACTAGGTT-1_2,m2,2935,1593,nb,0,0,0,0,0,0,2.923497268,FALSE,G1,0.609861592,0.12283737,0.267301038,0
GCAGGCTTCGACGATT-1_2,m2,8064,3056,nb,0,0,0,0,0,0,2.940575863,FALSE,G2M,0,0.027237354,0.972762646,0
GCAGGCTTCTGACAGT-1_2,m2,8506,2858,nb,0,0,0,0,0,0,2.480659267,FALSE,G1,0.940622055,0.05466541,0.004712535,0
GCAGTTAAGGACAACC-1_2,m2,4514,1832,nb,0,0,0,0,0,0,7.562094605,FALSE,G1,0.845893311,0.153259949,0.00084674,0
GCAGTTAAGTCGAATA-1_2,m2,23650,5370,nb,0,0,0,0,0,0,4.641400458,FALSE,G1,0.765576324,0.232866044,0.001557632,0
GCAGTTACAATAACGA-1_2,m2,21099,5281,nb,0,0,0,0,0,0,3.203490184,FALSE,G2M,0.04789272,0.001915709,0.950191571,0
GCAGTTATCCACGTGG-1_2,m2,3708,1939,nb,0,0,0,0,0,0,3.474484256,FALSE,G1,0.709219858,0.290780142,0,0
GCATCGGAGCGTTCAT-1_2,m2,8897,2971,nb,0,0,0,0,0,0,3.169758159,FALSE,G1,0.626903553,0.366751269,0.006345178,0
GCATCGGGTGAGTGAC-1_2,m2,22128,5293,nb,0,0,0,0,0,0,3.614228648,FALSE,G1,0.708010336,0.248062016,0.043927649,0
GCATGATAGCGACATG-1_2,m2,30279,5486,nb,0,0,0,0,0,0,2.656602073,FALSE,G1,0.670920081,0.329079919,0,0
GCATGATAGGTTAGTA-1_2,m2,2082,1145,nb,0,0,0,0,0,0,5.023132849,FALSE,G1,0.819834711,0.014049587,0.166115702,0
GCATGATCACTGTGAT-1_2,m2,2608,1369,nb,0,0,0,0,0,0,3.005464481,FALSE,S,0.210668467,0.59756921,0.191762323,0
GCATGATGTCATATGC-1_2,m2,6306,2534,nb,0,0,0,0,0,0,4.584733557,FALSE,G1,0.59876161,0.399380805,0.001857585,0
GCATGATGTCCACGCA-1_2,m2,19088,5174,nb,0,0,0,0,0,0,3.63405716,FALSE,G1,0.918542337,0.071811361,0.009646302,0
GCATGATTCTTAGCTT-1_2,m2,24632,5562,nb,0,0,0,0,0,0,2.845993757,FALSE,G2M,0,0.006198347,0.993801653,0
GCATTAGAGTGGTTGG-1_2,m2,8338,2710,nb,0,0,0,0,0,0,3.960948396,FALSE,G1,0.871839582,0,0.128160418,0
GCATTAGCAGAGGAAA-1_2,m2,46485,6258,nb,0,0,0,0,0,0,2.692157628,FALSE,G1,0.909473684,0.082105263,0.008421053,0
GCATTAGTCAAGCTGT-1_2,m2,13005,4538,nb,0,0,0,0,0,0,5.316426245,FALSE,G1,0.563380282,0.436619718,0,0
GCATTAGTCTCGACGG-1_2,m2,6373,3097,nb,0,0,0,0,0,0,2.684763226,FALSE,G1,0.745318352,0.248689139,0.005992509,0
GCCAACGCATCCTGTC-1_2,m2,16895,4215,nb,0,0,0,0,0,0,2.681217367,FALSE,G1,0.641025641,0.358333333,0.000641026,0
GCCAACGTCAAGAGGC-1_2,m2,8443,3451,nb,0,0,0,0,0,0,4.819181768,FALSE,G2M,0.058139535,0.146690519,0.795169946,0
GCCAGCAGTTTGTGGT-1_2,m2,1308,627,nb,0,0,0,0,0,0,3.857350801,FALSE,G2M,0.014691479,0.005876592,0.979431929,0
GCCAGGTAGATTCGAA-1_2,m2,31235,5707,nb,0,0,0,0,0,0,2.333748961,FALSE,G1,0.943396226,0.056603774,0,0
GCCAGGTCAAATGGTA-1_2,m2,13277,4413,nb,0,0,0,0,0,0,3.941255007,FALSE,G1,0.994035785,0.005964215,0,0
GCCAGGTCACACACGC-1_2,m2,30945,5981,nb,0,0,0,0,0,0,2.555903498,FALSE,G2M,0.000958773,0.040268456,0.958772771,0
GCCAGGTTCCAAGCTA-1_2,m2,7495,3062,nb,0,0,0,0,0,0,8.780760626,FALSE,G1,0.733038348,0.266961652,0,0
GCCAGTGGTGAGGAAA-1_2,m2,32939,5631,nb,0,0,0,0,0,0,2.64863679,FALSE,G1,0.580720093,0.419279907,0,0
GCCAGTGTCAACTCTT-1_2,m2,29782,3327,nb,0,0,0,0,0,0,4.116377345,FALSE,G1,0.973632813,0.022460938,0.00390625,0
GCCATGGAGTGGATTA-1_2,m2,2535,1324,nb,0,0,0,0,0,0,2.920284136,FALSE,G1,0.704918033,0.27123696,0.023845007,0
GCCCAGACAGTAGTTC-1_2,m2,7853,2754,nb,0,0,0,0,0,0,4.124849458,FALSE,G1,0.937148218,0.006566604,0.056285178,0
GCCCAGATCCGCAACG-1_2,m2,31140,6305,TCCAGTCGTAACGATACCG,1.038934206,21162.05084,0.036875385,3101.21989,TCCAGTCGTAACGATACCG_ET27b_M1,0,3.564920805,TRUE,G2M,0.341395349,0.025116279,0.633488372,0.96572313
GCCCAGATCGCAATGT-1_2,m2,17882,5081,nb,0,0,0,0,0,0,3.829092587,FALSE,G1,0.626959248,0.373040752,0,0
GCCCGAATCAGCAGAG-1_2,m2,29595,5408,nb,0,0,0,0,0,0,2.749608187,FALSE,G1,0.989119683,0.010880317,0,0
GCCGATGCAGCAGTCC-1_2,m2,3670,1594,nb,0,0,0,0,0,0,3.887729945,FALSE,G1,0.479289941,0.087278107,0.433431953,0
GCCGATGCAGTATGAA-1_2,m2,20521,5397,nb,0,0,0,0,0,0,4.216566034,FALSE,G2M,0,0,1,0
GCCGATGGTAGCTTGT-1_2,m2,9675,3690,nb,0,0,0,0,0,0,2.822554115,FALSE,G1,0.748304446,0.247174077,0.004521477,0
GCCTGTTAGTATGCAA-1_2,m2,37976,6088,nb,0,0,0,0,0,0,2.470550324,FALSE,G1,0.714285714,0.285714286,0,0
GCCTGTTAGTGCCGAA-1_2,m2,17552,4684,TCCAGTCGTAACGATACCG,1.038934206,21162.05084,0.036875385,3101.21989,TCCAGTCGTAACGATACCG_ET27b_M1,0,2.886957786,TRUE,G1,0.844594595,0.155405405,0,0.96572313
GCCTGTTTCATTGAGC-1_2,m2,5801,2681,nb,0,0,0,0,0,0,3.911310414,FALSE,G1,0.583090379,0.416909621,0,0
GCGAGAACACTTCTCG-1_2,m2,25622,5651,nb,0,0,0,0,0,0,3.019232836,FALSE,G2M,0.002805049,0.338709677,0.658485273,0
GCGATCGAGTTGCTGT-1_2,m2,24335,6107,nb,0,0,0,0,0,0,3.392182989,FALSE,G2M,0.018774704,0.066205534,0.915019763,0
GCGATCGGTTGGGAAC-1_2,m2,5335,2505,nb,0,0,0,0,0,0,8.010852492,FALSE,G1,0.627848101,0.371518987,0.000632911,0
GCGATCGTCTCCGTGT-1_2,m2,7434,2888,nb,0,0,0,0,0,0,3.354675805,FALSE,G2M,0.297752809,0.123595506,0.578651685,0
GCGGAAATCGAGATAA-1_2,m2,4367,2008,nb,0,0,0,0,0,0,5.719960278,FALSE,G1,0.702586207,0.228448276,0.068965517,0
GCGGAAATCTAGACCA-1_2,m2,15470,4275,nb,0,0,0,0,0,0,3.240802231,FALSE,G1,0.760886173,0.239113827,0,0
GCGGATCAGCGTTCAT-1_2,m2,39475,6249,TCCAGTCGTAACGATACCG,1.038934206,21162.05084,0.036875385,3101.21989,TCCAGTCGTAACGATACCG_ET27b_M1,0,2.609628217,TRUE,G2M,0.260638298,0.00177305,0.737588652,0.96572313
GCGGATCTCTGTAAGC-1_2,m2,4988,2390,nb,0,0,0,0,0,0,5.020268163,FALSE,G1,0.602772755,0.387582881,0.009644364,0
GCGTGCACACATGAAA-1_2,m2,17771,5132,nb,0,0,0,0,0,0,3.631657385,FALSE,G1,0.61842919,0.38157081,0,0
GCGTGCACAGGCTACC-1_2,m2,16512,4597,nb,0,0,0,0,0,0,3.446418955,FALSE,G2M,0.01373896,0.00686948,0.97939156,0
GCGTGCAGTTCAAACC-1_2,m2,3309,1622,nb,0,0,0,0,0,0,4.964816263,FALSE,G1,0.617918314,0.376152833,0.005928854,0
GCGTTTCGTAGTATAG-1_2,m2,17593,5103,nb,0,0,0,0,0,0,4.647988506,FALSE,G2M,0.03626108,0.474617244,0.489121676,0
GCGTTTCGTGGTCTGC-1_2,m2,7973,2903,nb,0,0,0,0,0,0,5.72452637,FALSE,G1,0.930232558,0.001860465,0.067906977,0
GCTACAAAGTCCTGTA-1_2,m2,35154,6041,nb,0,0,0,0,0,0,3.610554239,FALSE,G1,0.81399177,0.18600823,0,0
GCTACAAGTGGTTTAC-1_2,m2,23523,4917,nb,0,0,0,0,0,0,2.799687345,FALSE,G2M,0,0.070895522,0.929104478,0
GCTACAATCGTCAAAC-1_2,m2,22696,5671,nb,0,0,0,0,0,0,3.500410328,FALSE,G2M,0.008781559,0.176728869,0.814489572,0
GCTACCTCATCGCCTT-1_2,m2,29877,5661,nb,0,0,0,0,0,0,3.437283437,FALSE,G1,0.927643785,0.072356215,0,0
GCTACCTGTATGCTAC-1_2,m2,18354,5183,nb,0,0,0,0,0,0,3.528265107,FALSE,G2M,0.00199071,0.455872595,0.542136695,0
GCTCAAAAGTATGTAG-1_2,m2,50320,6539,nb,0,0,0,0,0,0,2.836635637,FALSE,G2M,0.317295189,0.00260078,0.680104031,0
GCTCAAACAGTAACAA-1_2,m2,21435,5282,nb,0,0,0,0,0,0,3.498889497,FALSE,G1,0.927631579,0.070488722,0.001879699,0
GCTCAAATCCCAATAG-1_2,m2,3288,1598,nb,0,0,0,0,0,0,4.113247863,FALSE,G1,0.752886836,0.220169361,0.026943803,0
GCTGCAGAGATTAGTG-1_2,m2,10976,4160,nb,0,0,0,0,0,0,4.662569436,FALSE,G1,0.682758621,0.317241379,0,0
GCTGCAGCAGCTCTGG-1_2,m2,4896,2064,nb,0,0,0,0,0,0,4.920087747,FALSE,G1,0.787015044,0.001583531,0.211401425,0
GCTGCAGTCAGATGCT-1_2,m2,7235,2519,nb,0,0,0,0,0,0,3.151112453,FALSE,G1,0.935393258,0.001872659,0.062734082,0
GCTTCACGTAGAATGT-1_2,m2,2454,1355,nb,0,0,0,0,0,0,3.627760252,FALSE,G1,0.735751295,0.174438687,0.089810017,0
GCTTCACGTTGATCGT-1_2,m2,36294,6029,nb,0,0,0,0,0,0,3.033441289,FALSE,G1,0.870322019,0.129677981,0,0
GCTTCACTCCGATTAG-1_2,m2,12334,4226,nb,0,0,0,0,0,0,2.873738918,FALSE,G1,0.836120401,0.163879599,0,0
GCTTGGGCACGTAGTT-1_2,m2,7745,3443,nb,0,0,0,0,0,0,4.679762298,FALSE,G1,0.81630972,0.154859967,0.028830313,0
GCTTGGGGTAACATAG-1_2,m2,17643,4343,nb,0,0,0,0,0,0,2.558482445,FALSE,S,0.736137667,0.122370937,0.141491396,0
GCTTTCGAGCATGCAG-1_2,m2,5635,2226,nb,0,0,0,0,0,0,3.878954608,FALSE,G1,0.810920945,0.013854931,0.175224124,0
GCTTTCGAGCTGACAG-1_2,m2,20568,4771,nb,0,0,0,0,0,0,2.909489925,FALSE,G1,0.780640125,0.219359875,0,0
GCTTTCGAGTTCACTG-1_2,m2,3149,1755,TCCAGTACTATCGTTACGACGCTACTACCG,0.000104542,2.129422692,0,0,TCCAGTACTATCGTTACGACGCTACTACCG_ET27b_M1,0.00123583,9.258324924,TRUE,G1,0.882518797,0.077067669,0.040413534,1
GCTTTCGCAGTGTATC-1_2,m2,37679,6026,nb,0,0,0,0,0,0,2.141491396,FALSE,G1,0.780640125,0.219359875,0,0
GCTTTCGGTGGCGCTT-1_2,m2,20539,5269,nb,0,0,0,0,0,0,3.012630271,FALSE,S,0.050469484,0.408450704,0.541079812,0
GGAACCCCATTCACAG-1_2,m2,18214,5107,nb,0,0,0,0,0,0,8.307905122,FALSE,G2M,0,0.108734403,0.891265597,0
GGAACCCTCTACCACC-1_2,m2,8145,3611,nb,0,0,0,0,0,0,3.411371237,FALSE,G1,0.525816649,0.474183351,0,0
GGAAGTGGTATGAGCG-1_2,m2,30327,5909,nb,0,0,0,0,0,0,3.232252256,FALSE,G1,0.829875519,0.170124481,0,0
GGAAGTGGTGTCCGTG-1_2,m2,4960,2036,nb,0,0,0,0,0,0,4.018404908,FALSE,G1,0.764797508,0.231308411,0.003894081,0
GGAAGTGGTTAAACAG-1_2,m2,40973,6402,nb,0,0,0,0,0,0,2.913747122,FALSE,G2M,0.005122951,0.034836066,0.960040984,0
GGAAGTGTCGTCTCAC-1_2,m2,12704,4373,nb,0,0,0,0,0,0,8.696738723,FALSE,G1,0.906796117,0.07961165,0.013592233,0
GGAATCTAGCATGGGT-1_2,m2,33657,5998,nb,0,0,0,0,0,0,2.91050492,FALSE,G2M,0.295990566,0.012971698,0.691037736,0
GGAATGGGTGGAACAC-1_2,m2,20309,5393,nb,0,0,0,0,0,0,3.237538561,FALSE,G2M,0,0.050332384,0.949667616,0
GGACGTCAGGCCTAAG-1_2,m2,11735,4268,nb,0,0,0,0,0,0,5.347651589,FALSE,G1,0.979431929,0.020568071,0,0
GGACGTCGTGGCATCC-1_2,m2,3453,1713,nb,0,0,0,0,0,0,2.306462663,FALSE,G1,0.518719479,0.460661964,0.020618557,0
GGACGTCGTTACACTG-1_2,m2,9459,3041,nb,0,0,0,0,0,0,2.524429967,FALSE,G1,0.566412214,0.240458015,0.193129771,0
GGAGAACAGGACTATA-1_2,m2,7173,3084,nb,0,0,0,0,0,0,4.724981827,FALSE,G1,0.810414972,0.183075671,0.006509357,0
GGAGAACGTCCTATAG-1_2,m2,28135,5382,nb,0,0,0,0,0,0,3.129749136,FALSE,S,0.667132867,0.128671329,0.204195804,0
GGAGATGAGAGTTGTA-1_2,m2,33190,5771,nb,0,0,0,0,0,0,4.162791178,FALSE,G1,0.602409639,0.397590361,0,0
GGAGATGCAAGCGAAC-1_2,m2,1138,827,nb,0,0,0,0,0,0,4.36746988,FALSE,G1,0.515625,0.484375,0,0
GGAGATGCAAGCTGCC-1_2,m2,13202,2756,nb,0,0,0,0,0,0,2.16835103,FALSE,G2M,0,0.331317204,0.668682796,0
GGAGATGTCACCTCTG-1_2,m2,10841,4185,nb,0,0,0,0,0,0,6.142700597,FALSE,G1,0.600721587,0.399278413,0,0
GGAGATGTCAGTCACA-1_2,m2,2646,1296,nb,0,0,0,0,0,0,2.613146552,FALSE,G1,0.834031852,0.023470243,0.142497904,0
GGAGATGTCGACGAGA-1_2,m2,10752,3823,nb,0,0,0,0,0,0,3.654336735,FALSE,G1,0.923935091,0.030425963,0.045638945,0
GGAGGATAGCTATCCA-1_2,m2,11160,4053,TCCAGTCGTTACTACCG,0,0,0,0,TCCAGTCGTTACTACCG_ET27b_M1,0,4.949419901,TRUE,G1,0.909918107,0.088262056,0.001819836,0
GGAGGATCACAGAGCA-1_2,m2,28692,5125,nb,0,0,0,0,0,0,2.95575693,FALSE,G2M,0,0.013820336,0.986179664,0
GGAGGATCAGGTAGTG-1_2,m2,20119,5403,nb,0,0,0,0,0,0,3.560653781,FALSE,G2M,0,0.002991027,0.997008973,0
GGAGGATGTTTGAACC-1_2,m2,9745,3733,nb,0,0,0,0,0,0,7.992258619,FALSE,G1,0.977517107,0.022482893,0,0
GGAGGATTCGTGGAAG-1_2,m2,4611,2011,nb,0,0,0,0,0,0,9.065571366,FALSE,G1,0.583479789,0.414762742,0.001757469,0
GGAGGTAGTCCGGATC-1_2,m2,11671,4164,nb,0,0,0,0,0,0,3.566130007,FALSE,G1,0.968992248,0.031007752,0,0
GGATCTATCGGCGATC-1_2,m2,17330,5044,nb,0,0,0,0,0,0,3.377975599,FALSE,G1,0.86281277,0.13718723,0,0
GGATGTTAGACGGATC-1_2,m2,50874,6838,nb,0,0,0,0,0,0,3.164599943,FALSE,G2M,0.300484653,0,0.699515347,0
GGATGTTAGCACACCC-1_2,m2,34832,6090,nb,0,0,0,0,0,0,2.59043953,FALSE,G1,0.709392265,0.003314917,0.287292818,0
GGATGTTTCACAACCA-1_2,m2,22570,5740,nb,0,0,0,0,0,0,3.102699348,FALSE,G2M,0.020507813,0.010742188,0.96875,0
GGCACGTTCCGTGGCA-1_2,m2,10081,2982,nb,0,0,0,0,0,0,3.146825078,FALSE,G1,0.989119683,0.010880317,0,0
GGCAGTCGTGTACAGG-1_2,m2,3971,2109,nb,0,0,0,0,0,0,9.734513274,FALSE,G1,0.506839453,0.479481641,0.013678906,0
GGCAGTCTCCACGGAC-1_2,m2,15936,4043,nb,0,0,0,0,0,0,2.718153942,FALSE,G1,0.893405601,0.100271003,0.006323397,0
GGCGTCACATAAGCGG-1_2,m2,25062,5279,nb,0,0,0,0,0,0,3.058035156,FALSE,G1,0.835314092,0.164685908,0,0
GGCGTCATCGGTCGGT-1_2,m2,18581,5056,nb,0,0,0,0,0,0,3.225079782,FALSE,G1,0.963391137,0.036608863,0,0
GGCTGTGAGCAGGCTA-1_2,m2,47876,6857,nb,0,0,0,0,0,0,3.390044462,FALSE,G2M,0.036345776,0,0.963654224,0
GGCTGTGTCAACTTTC-1_2,m2,10093,4046,nb,0,0,0,0,0,0,4.234697196,FALSE,G1,0.679399727,0.320600273,0,0
GGCTGTGTCACCCTGT-1_2,m2,4181,2197,nb,0,0,0,0,0,0,5.771217712,FALSE,G1,0.412626832,0.218151071,0.369222097,0
GGCTTTCTCTGCTAGA-1_2,m2,10692,3077,nb,0,0,0,0,0,0,2.311212815,FALSE,G1,0.929709466,0.042174321,0.028116214,0
GGGAAGTAGAACTTCC-1_2,m2,13469,3647,nb,0,0,0,0,0,0,2.398081535,FALSE,G1,0.971652004,0.024437928,0.003910068,0
GGGAAGTTCCGGTAAT-1_2,m2,4273,1673,nb,0,0,0,0,0,0,4.828118965,FALSE,S,0.342615012,0.102905569,0.554479419,0
GGGACAAGTATTCCGA-1_2,m2,23037,5850,nb,0,0,0,0,0,0,4.39800995,FALSE,G2M,0,0.006951341,0.993048659,0
GGGACAAGTGGGATTG-1_2,m2,2919,1512,nb,0,0,0,0,0,0,4.877432398,FALSE,G1,0.727863526,0.227457352,0.044679123,0
GGGACAATCTCTGGTC-1_2,m2,6870,2601,nb,0,0,0,0,0,0,4.677142156,FALSE,G2M,0.001870907,0.06828812,0.929840973,0
GGGACCTAGGGTAATT-1_2,m2,2345,1256,nb,0,0,0,0,0,0,4.488778055,FALSE,G1,0.957773512,0.011516315,0.030710173,0
GGGACCTAGTCATGAA-1_2,m2,5954,2435,nb,0,0,0,0,0,0,3.841098291,FALSE,G1,0.867364747,0.12390925,0.008726003,0
GGGACCTGTAAGATAC-1_2,m2,16227,4230,TCCACTACTATCGTCCGGGGTAGCTACTACCG,0,0,0,0,TCCACTACTATCGTCCGGGGTAGCTACTACCG_ET27b_M1,5.48E-07,3.370063885,TRUE,G2M,0,0.0684803,0.9315197,0
GGGACCTGTTCGGTCG-1_2,m2,16420,4624,nb,0,0,0,0,0,0,2.309199283,FALSE,G1,0.629326621,0.370673379,0,0
GGGACTCGTATGAGGC-1_2,m2,2618,1400,nb,0,0,0,0,0,0,3.233323624,FALSE,G1,0.908045977,0.050766284,0.041187739,0
GGGAGATAGCAGGTCA-1_2,m2,47527,6350,nb,0,0,0,0,0,0,3.637868688,FALSE,G2M,0.088709677,0.017473118,0.893817204,0
GGGAGATCAACCGACC-1_2,m2,37497,6081,nb,0,0,0,0,0,0,2.878544476,FALSE,G1,0.930385701,0.069614299,0,0
GGGAGATTCCATCTGC-1_2,m2,46047,6250,nb,0,0,0,0,0,0,2.920714309,FALSE,G1,0.683060109,0.316939891,0,0
GGGAGATTCCATTCAT-1_2,m2,19197,4720,nb,0,0,0,0,0,0,3.64064675,FALSE,G1,0.65078329,0.34921671,0,0
GGGAGTACATCGAGCC-1_2,m2,11040,3340,nb,0,0,0,0,0,0,4.284676834,FALSE,G1,0.835845896,0.104690117,0.059463987,0
GGGATCCGTGCCCTTT-1_2,m2,19661,5257,nb,0,0,0,0,0,0,3.400336809,FALSE,G1,0.872154116,0.126094571,0.001751313,0
GGGATCCTCCCGAGGT-1_2,m2,9928,4031,nb,0,0,0,0,0,0,3.770491803,FALSE,G1,0.52338413,0.47661587,0,0
GGGATGAAGGCTAACG-1_2,m2,27411,5486,nb,0,0,0,0,0,0,2.546821967,FALSE,G1,0.750187547,0.249812453,0,0
GGGCCATAGGGCTTCC-1_2,m2,33304,5748,nb,0,0,0,0,0,0,3.328067629,FALSE,G1,0.843803056,0.156196944,0,0
GGGCCATTCTCGGTAA-1_2,m2,17917,5314,nb,0,0,0,0,0,0,3.593671425,FALSE,G1,0.742390497,0.257609503,0,0
GGGCGTTGTCTGTAAC-1_2,m2,25065,5446,nb,0,0,0,0,0,0,2.416963972,FALSE,G1,0.974658869,0.025341131,0,0
GGGCTACCACTAACCA-1_2,m2,49850,6744,nb,0,0,0,0,0,0,2.271060032,FALSE,G2M,0,0.007936508,0.992063492,0
GGGCTCAAGCTAAATG-1_2,m2,6608,2511,nb,0,0,0,0,0,0,2.363593603,FALSE,G1,0.791800643,0.172829582,0.035369775,0
GGGCTCAGTTCGATTG-1_2,m2,27246,5679,nb,0,0,0,0,0,0,2.84582587,FALSE,G1,0.766283525,0.233716475,0,0
GGGTAGAAGCCATCCG-1_2,m2,21629,5586,nb,0,0,0,0,0,0,4.541444768,FALSE,G2M,0,0.071494893,0.928505107,0
GGGTAGAAGTAGGCCA-1_2,m2,8130,3417,nb,0,0,0,0,0,0,2.808988764,FALSE,G1,0.845299145,0.154700855,0,0
GGGTAGACAATTAGGA-1_2,m2,36167,5903,nb,0,0,0,0,0,0,2.947200062,FALSE,G1,0.86281277,0.13718723,0,0
GGGTATTCAACCACAT-1_2,m2,2235,1290,nb,0,0,0,0,0,0,3.08908046,FALSE,G1,0.684632192,0.25418791,0.061179898,0
GGGTCACCAGCGGTCT-1_2,m2,26738,5597,nb,0,0,0,0,0,0,2.778539211,FALSE,G1,0.434585492,0.559585492,0.005829016,0
GGGTCACGTAGACGTG-1_2,m2,37363,4846,nb,0,0,0,0,0,0,2.246304005,FALSE,G2M,0.014807502,0.000987167,0.984205331,0
GGGTCACGTGTGAATA-1_2,m2,2645,1324,nb,0,0,0,0,0,0,3.567567568,FALSE,G1,0.963391137,0.021194605,0.015414258,0
GGGTCACTCATTGCTT-1_2,m2,4926,2389,nb,0,0,0,0,0,0,8.729139923,FALSE,G1,0.536981359,0.444978954,0.018039687,0
GGGTCTGTCCATTGTT-1_2,m2,11586,3594,nb,0,0,0,0,0,0,6.702569806,FALSE,G1,0.875930521,0.109181141,0.014888337,0
GGGTGAACAGGATTCT-1_2,m2,27614,5664,nb,0,0,0,0,0,0,2.910798122,FALSE,G1,0.813517915,0.186482085,0,0
GGGTGAATCCACGTGG-1_2,m2,23277,5395,nb,0,0,0,0,0,0,3.613840239,FALSE,G1,0.996015936,0.003984064,0,0
GGGTGTCAGAAGTCTA-1_2,m2,6345,2685,nb,0,0,0,0,0,0,4.14624183,FALSE,G1,0.895964126,0.006278027,0.097757848,0
GGGTGTCCAGGCAATG-1_2,m2,23633,4904,nb,0,0,0,0,0,0,3.175975561,FALSE,G1,0.851788756,0.148211244,0,0
GGGTGTCTCAGCTTCC-1_2,m2,17821,5100,nb,0,0,0,0,0,0,4.055633945,FALSE,G1,0.900112233,0.024691358,0.075196409,0
GGGTTATTCTCGGTAA-1_2,m2,12835,4414,TCCTACTATCGTTACGAGCTACTACCG,0,0,0.000283999,23.88435087,TCCTACTATCGTTACGAGCTACTACCG_ET27b_M1,0.000267311,2.976968722,TRUE,G1,0.539751217,0.460248783,0,0
GGGTTTAAGAAGTCCG-1_2,m2,3117,1660,TCCAGTCGTAACGATACCG,1.038934206,21162.05084,0.036875385,3101.21989,TCCAGTCGTAACGATACCG_ET27b_M1,0,5.279283526,TRUE,G1,0.511525796,0.477497256,0.010976948,0.96572313
GGGTTTAGTCTTCATT-1_2,m2,57941,6943,nb,0,0,0,0,0,0,2.359401249,FALSE,G2M,0.0041841,0.030334728,0.965481172,0
GGGTTTAGTGCTCCGA-1_2,m2,1167,671,nb,0,0,0,0,0,0,7.936507937,FALSE,G2M,0.015677492,0.488241881,0.496080627,0
GGTAACTCAGTTGAAA-1_2,m2,8102,3468,nb,0,0,0,0,0,0,6.870443073,FALSE,G1,0.67266436,0.325259516,0.002076125,0
GGTAATCCAACGTTAC-1_2,m2,8447,3453,nb,0,0,0,0,0,0,5.24181206,FALSE,G1,0.840775063,0.158382477,0.00084246,0
GGTAGAGAGGTCTGGA-1_2,m2,19218,4633,nb,0,0,0,0,0,0,3.032592982,FALSE,G1,0.530037214,0.469962786,0,0
GGTAGAGGTAGGGTAC-1_2,m2,22161,4988,nb,0,0,0,0,0,0,3.735172414,FALSE,G1,0.772797527,0.227202473,0,0
GGTCACGAGCAACAGC-1_2,m2,21694,4816,nb,0,0,0,0,0,0,2.797322808,FALSE,G1,0.631351351,0.058378378,0.31027027,0
GGTCACGCATTCACCC-1_2,m2,46821,6332,nb,0,0,0,0,0,0,2.865316837,FALSE,G2M,0,0.233976834,0.766023166,0
GGTCTGGCAGTCTCTC-1_2,m2,9809,3891,nb,0,0,0,0,0,0,4.582419001,FALSE,G1,0.965250965,0.033783784,0.000965251,0
GGTGAAGAGTCGAATA-1_2,m2,2373,1296,nb,0,0,0,0,0,0,4.642857143,FALSE,G1,0.881197381,0.038353601,0.080449018,0
GGTGATTAGGAGAGGC-1_2,m2,11279,4220,nb,0,0,0,0,0,0,7.627467105,FALSE,G2M,0.009137056,0.069035533,0.921827411,0
GGTGATTAGGTCCCTG-1_2,m2,5024,2403,nb,0,0,0,0,0,0,3.656620483,FALSE,G1,0.924860853,0.025046382,0.050092764,0
GGTGATTGTAATGTGA-1_2,m2,6221,2633,nb,0,0,0,0,0,0,3.732320587,FALSE,G1,0.944287063,0.002832861,0.052880076,0
GGTGATTGTCGTTTCC-1_2,m2,13427,4088,nb,0,0,0,0,0,0,5.5028463,FALSE,S,0.551801802,0.373873874,0.074324324,0
GGTGATTGTTTCTATC-1_2,m2,1311,778,nb,0,0,0,0,0,0,5.285285285,FALSE,G1,0.448548813,0.440633245,0.110817942,0
GGTGGCTAGACATATG-1_2,m2,30618,6026,nb,0,0,0,0,0,0,2.857142857,FALSE,G1,0.79468599,0.20531401,0,0
GGTGGCTAGGTCGTAG-1_2,m2,20768,5121,nb,0,0,0,0,0,0,3.582843749,FALSE,G2M,0.003003003,0.002002002,0.994994995,0
GGTGGCTCAATCGCGC-1_2,m2,39547,6186,nb,0,0,0,0,0,0,4.15835893,FALSE,G1,0.502014099,0.497985901,0,0
GGTGGCTTCATCGTAG-1_2,m2,10488,4136,nb,0,0,0,0,0,0,5.319218884,FALSE,G1,0.539083558,0.460916442,0,0
GGTGTCGAGCATCCTA-1_2,m2,3722,1737,nb,0,0,0,0,0,0,4.992332595,FALSE,G1,0.735891648,0.262603461,0.001504891,0
GGTGTCGCACAAATGA-1_2,m2,40787,6148,nb,0,0,0,0,0,0,3.248516718,FALSE,G2M,0.265142857,0.011428571,0.723428571,0
GGTGTTAAGAAGTCTA-1_2,m2,2052,1191,nb,0,0,0,0,0,0,5.130718954,FALSE,G1,0.737157534,0.20119863,0.061643836,0
GGTGTTATCTTCGCTG-1_2,m2,44722,6196,nb,0,0,0,0,0,0,2.26204736,FALSE,G1,0.716589862,0.001152074,0.282258065,0
GGTTAACAGTTGCGAG-1_2,m2,29082,5369,nb,0,0,0,0,0,0,4.821373245,FALSE,S,0.023076923,0.389230769,0.587692308,0
GGTTAACCAGGATTCT-1_2,m2,31807,5821,nb,0,0,0,0,0,0,3.92503685,FALSE,G1,0.967117988,0.032882012,0,0
GGTTAACTCATTGCGA-1_2,m2,15819,4864,nb,0,0,0,0,0,0,3.618258009,FALSE,G1,0.923361034,0.076638966,0,0
GGTTCTCAGTAAGCAT-1_2,m2,4505,2420,nb,0,0,0,0,0,0,4.146606616,FALSE,G1,0.802564103,0.115384615,0.082051282,0
GGTTCTCTCAGCCTTC-1_2,m2,7535,3190,nb,0,0,0,0,0,0,2.221435525,FALSE,G1,0.743455497,0.256544503,0,0
GGTTGTACACTTGGCG-1_2,m2,6942,2756,nb,0,0,0,0,0,0,2.523069735,FALSE,G1,0.820534224,0.175292154,0.004173623,0
GGTTGTAGTACCCGCA-1_2,m2,11692,4232,nb,0,0,0,0,0,0,3.309092959,FALSE,G1,0.913242009,0.086757991,0,0
GGTTGTATCGCGGACT-1_2,m2,11099,4105,nb,0,0,0,0,0,0,4.215861314,FALSE,G1,0.746079164,0.253920836,0,0
GTAACCAAGAATCCCT-1_2,m2,2233,1355,nb,0,0,0,0,0,0,2.277979531,FALSE,G1,0.457083043,0.251919051,0.290997906,0
GTAACCAGTTGTCTAG-1_2,m2,9003,3029,nb,0,0,0,0,0,0,5.140106584,FALSE,G1,0.954022989,0.039272031,0.006704981,0
GTAAGTCCAAAGACTA-1_2,m2,18863,5054,nb,0,0,0,0,0,0,2.493114426,FALSE,G1,0.630006357,0.369993643,0,0
GTAAGTCCAGTGCCTG-1_2,m2,5225,2284,nb,0,0,0,0,0,0,5.215085445,FALSE,G1,0.586125808,0.413874192,0,0
GTAAGTCTCTTTCCAA-1_2,m2,1940,1084,nb,0,0,0,0,0,0,6.237343054,FALSE,G1,0.82126899,0.110813226,0.067917784,0
GTAATCGGTATCACGT-1_2,m2,44944,6653,nb,0,0,0,0,0,0,3.566949355,FALSE,G2M,0.001003009,0.002006018,0.996990973,0
GTAATCGTCCGTAGGC-1_2,m2,5002,2515,nb,0,0,0,0,0,0,7.087227414,FALSE,G2M,0.197330791,0.15729266,0.645376549,0
GTAATGCCATGAAAGT-1_2,m2,10968,3911,nb,0,0,0,0,0,0,2.791982602,FALSE,G1,0.531067446,0.468932554,0,0
GTAATGCGTCTAGGCC-1_2,m2,8307,3110,nb,0,0,0,0,0,0,3.539568345,FALSE,G1,0.769645609,0.121725732,0.108628659,0
GTAATGCTCTTCCTAA-1_2,m2,17293,4939,nb,0,0,0,0,0,0,3.757595139,FALSE,G1,0.769822941,0.230177059,0,0
GTACAACCATCTTTCA-1_2,m2,5382,2680,nb,0,0,0,0,0,0,7.823392719,FALSE,G1,0.607902736,0.392097264,0,0
GTACAACGTTGTAGCT-1_2,m2,22384,5371,nb,0,0,0,0,0,0,3.106091166,FALSE,G1,0.966183575,0.033816425,0,0
GTACAACTCGGTCGAC-1_2,m2,18492,4705,nb,0,0,0,0,0,0,3.108423509,FALSE,G1,0.994035785,0.005964215,0,0
GTAGAAACAAGTGATA-1_2,m2,24240,5509,nb,0,0,0,0,0,0,3.441781757,FALSE,G1,0.689179876,0.310820124,0,0
GTAGAAACAGAGTTCT-1_2,m2,22199,5202,nb,0,0,0,0,0,0,2.842392772,FALSE,G2M,0.004955401,0.006937562,0.988107037,0
GTAGAAATCTGTCAGA-1_2,m2,9419,3801,nb,0,0,0,0,0,0,3.985886043,FALSE,G1,0.785545954,0.214454046,0,0
GTAGAGGAGTCCCGGT-1_2,m2,25772,5617,nb,0,0,0,0,0,0,3.414143553,FALSE,G1,0.977871444,0.018967334,0.003161222,0
GTAGAGGCAGCAATTC-1_2,m2,20767,5193,nb,0,0,0,0,0,0,3.818213118,FALSE,G1,0.565753425,0.428082192,0.006164384,0
GTAGAGGTCACGAGGA-1_2,m2,19727,5334,nb,0,0,0,0,0,0,3.560635009,FALSE,G2M,0.024043716,0.033879781,0.942076503,0
GTAGCTAAGGCAGCTA-1_2,m2,20483,4774,nb,0,0,0,0,0,0,4.231245606,FALSE,S,0.366845741,0.294704528,0.338449731,0
GTAGCTACAGAACTCT-1_2,m2,6636,3087,nb,0,0,0,0,0,0,3.662769456,FALSE,G1,0.583278903,0.387328543,0.029392554,0
GTAGCTACATTGCTGA-1_2,m2,3194,1667,nb,0,0,0,0,0,0,3.693737769,FALSE,G1,0.524861878,0.468508287,0.006629834,0
GTAGGAGCAGGCGAAT-1_2,m2,8843,3528,nb,0,0,0,0,0,0,3.923618371,FALSE,G1,0.586510264,0.413489736,0,0
GTAGGAGGTATGTCCA-1_2,m2,39594,5825,nb,0,0,0,0,0,0,2.689615332,FALSE,S,0.332822086,0.538343558,0.128834356,0
GTAGGTTCAAATTGCC-1_2,m2,7144,2780,nb,0,0,0,0,0,0,4.252747253,FALSE,G1,0.841515935,0.136950904,0.021533161,0
GTAGGTTGTGAATGAT-1_2,m2,17782,4198,nb,0,0,0,0,0,0,3.355781304,FALSE,G1,0.831946755,0.168053245,0,0
GTAGTACGTAATTAGG-1_2,m2,25953,5820,nb,0,0,0,0,0,0,3.897773849,FALSE,G2M,0,0.001996008,0.998003992,0
GTAGTACGTAGCTTGT-1_2,m2,6390,2936,nb,0,0,0,0,0,0,8.531317495,FALSE,G1,0.629304524,0.366644159,0.004051317,0
GTATTTCAGAACGCGT-1_2,m2,13148,3889,nb,0,0,0,0,0,0,2.536312849,FALSE,G2M,0.008928571,0.000992063,0.990079365,0
GTATTTCAGGTCCGAA-1_2,m2,8329,2850,nb,0,0,0,0,0,0,2.806954002,FALSE,G1,0.847938144,0.150343643,0.001718213,0
GTCAAACAGTGCCCGT-1_2,m2,23316,5285,nb,0,0,0,0,0,0,9.147742633,FALSE,G2M,0.062776304,0.086648983,0.850574713,0
GTCACGGTCATTGCCC-1_2,m2,22986,5668,nb,0,0,0,0,0,0,3.642403749,FALSE,G1,0.834586466,0.165413534,0,0
GTCACTCTCCAAGCCG-1_2,m2,10449,4018,nb,0,0,0,0,0,0,7.09922056,FALSE,G1,0.505050505,0.494949495,0,0
GTCACTCTCCCAATAG-1_2,m2,14336,4698,nb,0,0,0,0,0,0,3.184683849,FALSE,G1,0.951428571,0.045714286,0.002857143,0
GTCAGCGTCATGTCAG-1_2,m2,30161,5749,nb,0,0,0,0,0,0,2.615093078,FALSE,G1,0.626295337,0.373704663,0,0
GTCAGCGTCGGACTTA-1_2,m2,8776,3551,nb,0,0,0,0,0,0,3.633330916,FALSE,G1,0.801282051,0.198717949,0,0
GTCATCCAGGTACTGG-1_2,m2,30782,6159,nb,0,0,0,0,0,0,2.883190371,FALSE,G2M,0.033076075,0.002205072,0.964718853,0
GTCATCCAGTACTCGT-1_2,m2,22479,5701,nb,0,0,0,0,0,0,6.334125099,FALSE,G2M,0,0.272860278,0.727139722,0
GTCATCCCACAAGCTT-1_2,m2,23790,4842,nb,0,0,0,0,0,0,3.206255581,FALSE,G2M,0.009183673,0.052040816,0.93877551,0
GTCATGAGTAGATCCT-1_2,m2,3340,1494,nb,0,0,0,0,0,0,4.072559132,FALSE,G1,0.958733205,0.027831094,0.013435701,0
GTCATGAGTCTCTCAC-1_2,m2,32950,6230,nb,0,0,0,0,0,0,3.727296204,FALSE,S,0.26031746,0.055555556,0.684126984,0
GTCATGAGTTTACTGG-1_2,m2,38570,6041,nb,0,0,0,0,0,0,2.134490545,FALSE,S,0.76910017,0.156196944,0.074702886,0
GTCATGATCAACGAGG-1_2,m2,11608,4091,nb,0,0,0,0,0,0,3.750357859,FALSE,G1,0.696864111,0.303135889,0,0
GTCATGATCTAGAACC-1_2,m2,8324,2838,nb,0,0,0,0,0,0,2.638707736,FALSE,G2M,0.292294807,0.177554439,0.530150754,0
GTCATTTAGCGGTATG-1_2,m2,6800,2463,nb,0,0,0,0,0,0,2.999153465,FALSE,G1,0.814563929,0.00762066,0.177815411,0
GTCATTTCATCGCCTT-1_2,m2,1915,1114,nb,0,0,0,0,0,0,4.906937394,FALSE,G1,0.859430605,0.016903915,0.12366548,0
GTCCACTGTACGGCAA-1_2,m2,12345,4125,nb,0,0,0,0,0,0,5.08121616,FALSE,G1,0.936269916,0.063730084,0,0
GTCCACTGTACTGCGC-1_2,m2,17340,5012,nb,0,0,0,0,0,0,3.312488156,FALSE,G2M,0.03816047,0.005870841,0.955968689,0
GTCCACTGTCAAGCGA-1_2,m2,10787,4125,nb,0,0,0,0,0,0,4.724560061,FALSE,G1,0.530222694,0.469777306,0,0
GTCCACTTCGAGATAA-1_2,m2,32766,5755,nb,0,0,0,0,0,0,2.524132395,FALSE,G1,0.966052376,0.033947624,0,0
GTCCTCACAGGAACCA-1_2,m2,32700,6478,nb,0,0,0,0,0,0,3.552363179,FALSE,G2M,0.210288809,0.005415162,0.784296029,0
GTCGAATGTCGTTCAA-1_2,m2,40842,5653,nb,0,0,0,0,0,0,3.264051788,FALSE,G2M,0.057630736,0.03094984,0.911419424,0
GTCGCGATCTTACCAT-1_2,m2,9467,3136,nb,0,0,0,0,0,0,2.682170543,FALSE,G1,0.882666667,0.096888889,0.020444444,0
GTCGTAACAAATAAGC-1_2,m2,4660,2425,nb,0,0,0,0,0,0,4.780926226,FALSE,G2M,0,0.251874063,0.748125937,0
GTCTACCAGCAGTAAT-1_2,m2,9864,3391,nb,0,0,0,0,0,0,4.014730305,FALSE,G1,0.62672522,0.37327478,0,0
GTCTACCCAAATCGGG-1_2,m2,31300,4654,nb,0,0,0,0,0,0,2.257730134,FALSE,G1,0.865051903,0.134948097,0,0
GTCTCACAGCACCCAC-1_2,m2,42988,6505,nb,0,0,0,0,0,0,3.296135909,FALSE,G1,0.624609619,0.375390381,0,0
GTCTCACTCGTAGAGG-1_2,m2,53869,6582,nb,0,0,0,0,0,0,3.259954133,FALSE,G2M,0.107601185,0.001974334,0.890424482,0
GTCTGTCCACAACGAG-1_2,m2,49763,6496,nb,0,0,0,0,0,0,2.975844609,FALSE,G2M,0.017,0.091,0.892,0
GTCTGTCTCAACTTTC-1_2,m2,11413,4080,nb,0,0,0,0,0,0,4.21169299,FALSE,G1,0.80032077,0.19967923,0,0
GTCTTTAAGTAGGGTC-1_2,m2,46230,6334,nb,0,0,0,0,0,0,3.25681053,FALSE,G1,0.641078838,0.350622407,0.008298755,0
GTCTTTACAAGTGCTT-1_2,m2,40091,6442,nb,0,0,0,0,0,0,2.70307735,FALSE,G2M,0.025151778,0.172593235,0.802254987,0
GTCTTTAGTAGCGTCC-1_2,m2,12641,4174,nb,0,0,0,0,0,0,3.444932122,FALSE,G1,0.744047619,0.255952381,0,0
GTCTTTAGTGCCGAAA-1_2,m2,2111,1188,nb,0,0,0,0,0,0,3.754022167,FALSE,G1,0.746511628,0.172093023,0.081395349,0
GTCTTTATCACGATCA-1_2,m2,42492,6501,nb,0,0,0,0,0,0,5.25163759,FALSE,S,0.475609756,0.292682927,0.231707317,0
GTGACGCTCGAGCCTG-1_2,m2,13068,4490,nb,0,0,0,0,0,0,3.225139549,FALSE,G1,0.518422418,0.481577582,0,0
GTGAGCCAGGTGGGTT-1_2,m2,9696,3550,nb,0,0,0,0,0,0,3.255165083,FALSE,G1,0.78046875,0.21953125,0,0
GTGAGCCTCCTTCTGG-1_2,m2,4519,2092,nb,0,0,0,0,0,0,2.507954333,FALSE,G1,0.885129118,0.014247551,0.10062333,0
GTGAGCCTCTTACCGC-1_2,m2,11609,4190,nb,0,0,0,0,0,0,2.964078073,FALSE,G1,0.55401662,0.44598338,0,0
GTGAGGAAGTGAGTTA-1_2,m2,21044,5283,nb,0,0,0,0,0,0,3.284857402,FALSE,G1,0.891265597,0.108734403,0,0
GTGATGTAGAGTTGAT-1_2,m2,13772,4288,nb,0,0,0,0,0,0,5.274271081,FALSE,G1,0.675,0.325,0,0
GTGCACGCAGAATGTA-1_2,m2,60047,7046,nb,0,0,0,0,0,0,3.021255177,FALSE,G1,0.609727165,0.027283511,0.362989324,0
GTGCACGCAGAGGACT-1_2,m2,18834,5213,nb,0,0,0,0,0,0,3.845397712,FALSE,G2M,0,0.015748031,0.984251969,0
GTGCACGGTACCTATG-1_2,m2,3825,1668,nb,0,0,0,0,0,0,2.559925529,FALSE,G1,0.759615385,0.23513986,0.005244755,0
GTGCAGCAGTCAACAA-1_2,m2,9645,2647,nb,0,0,0,0,0,0,2.444898555,FALSE,G1,0.598730159,0.000634921,0.400634921,0
GTGCAGCCAGTTTCAG-1_2,m2,15597,4804,nb,0,0,0,0,0,0,4.333000665,FALSE,G2M,0,0.291017075,0.708982925,0
GTGCAGCCATGATCTG-1_2,m2,4125,1945,nb,0,0,0,0,0,0,5.007027407,FALSE,G1,0.723826715,0.254512635,0.02166065,0
GTGCAGCGTAATTAGG-1_2,m2,2555,1371,nb,0,0,0,0,0,0,4.587657018,FALSE,G1,0.536697248,0.247706422,0.21559633,0
GTGCAGCTCCTTTAGT-1_2,m2,8415,3684,TCCAGTTACGACTACTACCG,0.198971508,4052.85065,0.052974809,4455.181411,TCCAGTTACGACTACTACCG_ET27b_M1,0.000154612,3.692399315,TRUE,G1,0.814149947,0.149947202,0.035902851,0.789737712
GTGCGTGCAGGAACCA-1_2,m2,1986,1194,nb,0,0,0,0,0,0,3.40829234,FALSE,G1,0.415411356,0.577636153,0.006952491,0
GTGCGTGGTATTCTCT-1_2,m2,18123,4483,nb,0,0,0,0,0,0,3.325100453,FALSE,G1,0.872227152,0.126885537,0.000887311,0
GTGCGTGGTGGTCTAT-1_2,m2,2646,1459,nb,0,0,0,0,0,0,3.544372294,FALSE,G1,0.618556701,0.183357879,0.19808542,0
GTGCGTGTCCACGAAT-1_2,m2,7823,2953,nb,0,0,0,0,0,0,8.010085337,FALSE,G1,0.66276669,0.335856848,0.001376462,0
GTGCGTGTCTGAGGCC-1_2,m2,50294,6757,nb,0,0,0,0,0,0,2.767779917,FALSE,G1,0.889090909,0.110909091,0,0
GTGCTGGAGCTGAAGC-1_2,m2,7670,2491,nb,0,0,0,0,0,0,3.143227479,FALSE,G1,0.948766603,0.030360531,0.020872865,0
GTGCTGGAGGCTAGCA-1_2,m2,9432,3863,nb,0,0,0,0,0,0,8.264967708,FALSE,G2M,0.000745712,0.255779269,0.743475019,0
GTGCTGGCAGCTGTTA-1_2,m2,9008,2892,nb,0,0,0,0,0,0,2.511578197,FALSE,G1,0.569962687,0.07369403,0.356343284,0
GTGCTGGGTCAAACGG-1_2,m2,20344,5508,nb,0,0,0,0,0,0,3.74813658,FALSE,G2M,0,0.010880317,0.989119683,0
GTGCTTCAGACCTCCG-1_2,m2,6580,2337,nb,0,0,0,0,0,0,3.812450211,FALSE,G1,0.845046571,0.083827265,0.071126164,0
GTGCTTCGTTGCCGAC-1_2,m2,27648,5984,nb,0,0,0,0,0,0,3.801053364,FALSE,G2M,0.030193237,0.013285024,0.956521739,0
GTGGAAGCAGACCGCT-1_2,m2,2325,1394,nb,0,0,0,0,0,0,3.83252818,FALSE,G1,0.712051518,0.249310028,0.038638454,0
GTGGAAGGTGCCTTTC-1_2,m2,2677,1526,nb,0,0,0,0,0,0,3.460410557,FALSE,G1,0.407494145,0.566744731,0.025761124,0
GTGGAGAGTCGGCACT-1_2,m2,2993,1679,nb,0,0,0,0,0,0,2.219112355,FALSE,S,0.580606061,0.220606061,0.198787879,0
GTGGAGATCTGCCCTA-1_2,m2,8355,2831,nb,0,0,0,0,0,0,3.141993958,FALSE,G1,0.798101812,0.149266609,0.052631579,0
GTGGCGTAGTTCGCAT-1_2,m2,13618,3449,nb,0,0,0,0,0,0,2.784743992,FALSE,G1,0.779423227,0.220576773,0,0
GTGGGAACATCTTAGG-1_2,m2,18747,5180,nb,0,0,0,0,0,0,2.677969709,FALSE,G2M,0.00990099,0,0.99009901,0
GTGGTTAAGCACTGGA-1_2,m2,34427,6282,nb,0,0,0,0,0,0,3.107812468,FALSE,G1,0.873939394,0.013333333,0.112727273,0
GTGGTTACACACTGGC-1_2,m2,47475,7049,nb,0,0,0,0,0,0,2.889272163,FALSE,G1,0.887082204,0.112917796,0,0
GTGTAACAGACATCCT-1_2,m2,25280,5792,nb,0,0,0,0,0,0,2.82498644,FALSE,G1,0.509683996,0.490316004,0,0
GTGTAACAGCACTCCG-1_2,m2,13531,4665,nb,0,0,0,0,0,0,6.520923753,FALSE,G2M,0.00589391,0.026522593,0.967583497,0
GTGTAACGTACACTCA-1_2,m2,20478,4826,nb,0,0,0,0,0,0,3.672732138,FALSE,G2M,0,0.033797217,0.966202783,0
GTGTAACTCCCATAAG-1_2,m2,19692,4859,nb,0,0,0,0,0,0,5.3496286,FALSE,S,0.682352941,0.244117647,0.073529412,0
GTGTAACTCCTACGAA-1_2,m2,5323,2190,nb,0,0,0,0,0,0,3.745259166,FALSE,G1,0.632204941,0.114364135,0.253430924,0
GTGTCCTCAACACGAG-1_2,m2,7595,3268,nb,0,0,0,0,0,0,5.679194755,FALSE,G1,0.64095917,0.35904083,0,0
GTGTCCTCAAGAGAGA-1_2,m2,49010,6665,nb,0,0,0,0,0,0,2.686843731,FALSE,S,0.264056225,0.476907631,0.259036145,0
GTGTCCTCAGCTGCCA-1_2,m2,25550,5704,nb,0,0,0,0,0,0,3.938047138,FALSE,G2M,0.14953271,0.000934579,0.84953271,0
GTGTGATCAGGCTATT-1_2,m2,23208,5447,nb,0,0,0,0,0,0,2.129774244,FALSE,G1,0.911577028,0.088422972,0,0
GTGTGATGTCCACATA-1_2,m2,47177,6721,nb,0,0,0,0,0,0,2.774932074,FALSE,G1,0.589139344,0.027663934,0.383196721,0
GTGTGGCCACTGGAAG-1_2,m2,10493,2945,nb,0,0,0,0,0,0,2.475877029,FALSE,G1,0.966183575,0.007729469,0.026086957,0
GTGTTAGAGGACACTG-1_2,m2,3118,1632,nb,0,0,0,0,0,0,5.966649297,FALSE,G1,0.775446775,0.224553225,0,0
GTGTTAGTCGAACGGA-1_2,m2,16366,4840,nb,0,0,0,0,0,0,3.750449335,FALSE,G2M,0,0.002991027,0.997008973,0
GTGTTCCGTGTCCGGT-1_2,m2,20564,5636,nb,0,0,0,0,0,0,4.87630585,FALSE,G2M,0.003561888,0.133570793,0.86286732,0
GTGTTCCTCGCATGAT-1_2,m2,18512,5178,nb,0,0,0,0,0,0,4.104773784,FALSE,G1,0.739565943,0.259599332,0.000834725,0
GTTACAGCAACGGCTC-1_2,m2,2202,1228,nb,0,0,0,0,0,0,3.673309887,FALSE,G1,0.755102041,0.097959184,0.146938776,0
GTTACAGCAGTAACCT-1_2,m2,1435,700,nb,0,0,0,0,0,0,6.347150259,FALSE,G2M,0.311967825,0.261653974,0.4263782,0
GTTACAGTCTTACGGA-1_2,m2,7660,3069,nb,0,0,0,0,0,0,2.879156529,FALSE,G1,0.998003992,0.001996008,0,0
GTTACGAAGATGAACT-1_2,m2,2902,1506,nb,0,0,0,0,0,0,5.371530886,FALSE,G1,0.682664756,0.30730659,0.010028653,0
GTTACGACATTACTCT-1_2,m2,1999,1112,nb,0,0,0,0,0,0,3.157517043,FALSE,G1,0.822459893,0.072727273,0.104812834,0
GTTACGATCGCGTGAC-1_2,m2,22227,5639,nb,0,0,0,0,0,0,4.152880423,FALSE,G2M,0.002064694,0.355815554,0.642119752,0
GTTAGACAGATGTTAG-1_2,m2,2857,1438,nb,0,0,0,0,0,0,8.438409311,FALSE,G1,0.644501279,0.200341006,0.155157715,0
GTTAGACAGGCGCTTC-1_2,m2,9732,3959,nb,0,0,0,0,0,0,3.131250431,FALSE,G1,0.935453695,0.063610851,0.000935454,0
GTTAGACGTACGACTT-1_2,m2,1403,815,nb,0,0,0,0,0,0,9.616555082,FALSE,G1,0.535059331,0.464940669,0,0
GTTAGACGTAGCCCTG-1_2,m2,21229,5282,nb,0,0,0,0,0,0,2.991347342,FALSE,G1,0.945179584,0.054820416,0,0
GTTAGACTCGCGTTTC-1_2,m2,3844,2104,nb,0,0,0,0,0,0,9.110282365,FALSE,G2M,0.370673953,0.107468124,0.521857923,0
GTTAGTGAGAAGTCAT-1_2,m2,19576,4851,nb,0,0,0,0,0,0,3.635245902,FALSE,G1,0.526315789,0.473684211,0,0
GTTAGTGAGCCATTCA-1_2,m2,17839,5204,nb,0,0,0,0,0,0,4.944357308,FALSE,G2M,0,0.232129131,0.767870869,0
GTTAGTGAGTTGGCGA-1_2,m2,10197,3882,nb,0,0,0,0,0,0,6.200360408,FALSE,S,0.123333333,0.681666667,0.195,0
GTTAGTGCATCGGCCA-1_2,m2,11489,4234,nb,0,0,0,0,0,0,4.615983538,FALSE,G1,0.507106599,0.492893401,0,0
GTTAGTGGTGGTAACG-1_2,m2,26994,5643,nb,0,0,0,0,0,0,2.395224599,FALSE,G1,0.931558935,0.068441065,0,0
GTTATGGCACAACGTT-1_2,m2,9265,3226,nb,0,0,0,0,0,0,3.443592202,FALSE,G1,0.925925926,0.07037037,0.003703704,0
GTTATGGCAGCACAAG-1_2,m2,19369,2810,nb,0,0,0,0,0,0,2.308568425,FALSE,G1,0.762195122,0.237804878,0,0
GTTATGGCATGAATAG-1_2,m2,36274,6442,nb,0,0,0,0,0,0,4.166418784,FALSE,G1,0.67704807,0.32295193,0,0
GTTCATTGTAGGAGTC-1_2,m2,5355,2745,nb,0,0,0,0,0,0,4.536817102,FALSE,G1,0.584210526,0.415204678,0.000584795,0
GTTCCGTCAGGCTCTG-1_2,m2,49161,6832,nb,0,0,0,0,0,0,3.235461802,FALSE,G2M,0.074029126,0.048543689,0.877427184,0
GTTCCGTGTATGGTTC-1_2,m2,18546,5168,nb,0,0,0,0,0,0,3.779808166,FALSE,G1,0.763523957,0.236476043,0,0
GTTCTATAGGCCACCT-1_2,m2,3348,1783,nb,0,0,0,0,0,0,2.947131609,FALSE,G1,0.543572985,0.456427015,0,0
GTTCTATGTCATATGC-1_2,m2,26731,5627,nb,0,0,0,0,0,0,2.534148095,FALSE,G1,0.85038693,0.14961307,0,0
GTTGAACTCCTTGGAA-1_2,m2,44970,6884,nb,0,0,0,0,0,0,4.200599413,FALSE,G1,0.598455598,0.401544402,0,0
GTTGAACTCTTCACAT-1_2,m2,27545,5661,nb,0,0,0,0,0,0,4.050906471,FALSE,G1,0.683154122,0.316845878,0,0
GTTGCGGTCCTAACAG-1_2,m2,48339,6295,nb,0,0,0,0,0,0,3.561829858,FALSE,G1,0.529100529,0.470899471,0,0
GTTGCGGTCTCCCTAG-1_2,m2,2157,1285,nb,0,0,0,0,0,0,4.298274178,FALSE,G1,0.908011869,0.040553907,0.051434224,0
GTTGCTCAGCGCCGTT-1_2,m2,11678,4120,TCCAGTTACGACTACTACCG,0.198971508,4052.85065,0.052974809,4455.181411,TCCAGTTACGACTACTACCG_ET27b_M1,0.000154612,3.144895719,TRUE,G1,0.691085003,0.308914997,0,0.789737712
GTTGCTCGTCCGGTCA-1_2,m2,11110,3487,nb,0,0,0,0,0,0,4.264231271,FALSE,G1,0.878521127,0.121478873,0,0
GTTGTCCAGGCAGCTA-1_2,m2,4090,1773,nb,0,0,0,0,0,0,8.045777701,FALSE,G1,0.615384615,0.368461538,0.016153846,0
GTTGTCCAGGCTCTAT-1_2,m2,15772,4810,nb,0,0,0,0,0,0,5.552607458,FALSE,G1,0.560615021,0.439384979,0,0
GTTGTCCGTACAGCGA-1_2,m2,47160,6340,nb,0,0,0,0,0,0,2.876054266,FALSE,S,0.579787234,0.05141844,0.368794326,0
GTTGTCCGTCCACATA-1_2,m2,6737,3012,nb,0,0,0,0,0,0,8.105736536,FALSE,G1,0.613873542,0.386126458,0,0
GTTGTCCTCCTTCGAC-1_2,m2,32788,6174,nb,0,0,0,0,0,0,4.213027216,FALSE,G1,0.975585938,0.018554688,0.005859375,0
GTTGTGACAGGAACCA-1_2,m2,16879,4666,nb,0,0,0,0,0,0,3.288892304,FALSE,G1,0.813499112,0.186500888,0,0
GTTTACTAGTAGGATT-1_2,m2,19317,5173,nb,0,0,0,0,0,0,3.563257066,FALSE,G2M,0,0.034749035,0.965250965,0
GTTTGGAAGAATAGTC-1_2,m2,16047,4165,nb,0,0,0,0,0,0,2.640854063,FALSE,G2M,0,0,1,0
GTTTGGAAGATTGAGT-1_2,m2,3593,1703,nb,0,0,0,0,0,0,2.891616393,FALSE,G1,0.885135135,0.057915058,0.056949807,0
GTTTGGATCTGAGTCA-1_2,m2,13023,4457,nb,0,0,0,0,0,0,4.228486647,FALSE,G1,0.688231246,0.311768754,0,0
TAACACGGTGTGGACA-1_2,m2,3448,1904,nb,0,0,0,0,0,0,6.513761468,FALSE,G2M,0.094503375,0.334619094,0.570877531,0
TAACGACGTATGGTAA-1_2,m2,11243,3680,nb,0,0,0,0,0,0,2.915098552,FALSE,G1,0.935453695,0.064546305,0,0
TAACTTCAGTCCCAAT-1_2,m2,10626,3439,nb,0,0,0,0,0,0,6.1083076,FALSE,G1,0.553430821,0.367829021,0.078740157,0
TAACTTCCACAAAGTA-1_2,m2,18049,5012,nb,0,0,0,0,0,0,3.967442741,FALSE,G2M,0.037328094,0.02848723,0.934184676,0
TAACTTCGTCCATAGT-1_2,m2,22964,5457,nb,0,0,0,0,0,0,2.374211633,FALSE,G1,0.927643785,0.072356215,0,0
TAAGCACCACTTGTGA-1_2,m2,27104,5811,nb,0,0,0,0,0,0,3.560726247,FALSE,G2M,0.000883392,0.115724382,0.883392226,0
TAAGCACCATCTCGTC-1_2,m2,3331,1721,nb,0,0,0,0,0,0,4.863352701,FALSE,G1,0.989119683,0.008902077,0.001978239,0
TAAGCACGTTCAAAGA-1_2,m2,17301,4649,nb,0,0,0,0,0,0,4.124885216,FALSE,G1,0.995024876,0.004975124,0,0
TAAGCACTCCACAGCG-1_2,m2,30676,5921,nb,0,0,0,0,0,0,3.074765107,FALSE,G2M,0.330952381,0,0.669047619,0
TAAGCCAGTGACTCGC-1_2,m2,28789,5409,nb,0,0,0,0,0,0,2.026990407,FALSE,G1,0.896860987,0.103139013,0,0
TAAGCCATCCTACAAG-1_2,m2,28663,5670,nb,0,0,0,0,0,0,3.296234904,FALSE,G1,0.743336624,0.253701876,0.0029615,0
TAAGCGTCACACCGCA-1_2,m2,2158,1219,nb,0,0,0,0,0,0,5.027392846,FALSE,G1,0.979310345,0.006896552,0.013793103,0
TAAGCGTTCATAGCAC-1_2,m2,9273,3571,nb,0,0,0,0,0,0,4.114230397,FALSE,G2M,0.021696252,0.000986193,0.977317554,0
TAAGTCGCATGGGTTT-1_2,m2,2386,1332,nb,0,0,0,0,0,0,6.064618644,FALSE,G1,0.517010936,0.445321993,0.037667072,0
TAAGTCGGTATGGTTC-1_2,m2,23568,5220,TCCAGTCGTAACGATACCG,1.038934206,21162.05084,0.036875385,3101.21989,TCCAGTCGTAACGATACCG_ET27b_M1,0,3.402140673,TRUE,G1,0.934599156,0.035864979,0.029535865,0.96572313
TAAGTCGGTCAAAGCG-1_2,m2,10130,3908,nb,0,0,0,0,0,0,3.521534797,FALSE,G2M,0.095490716,0.1688771,0.735632184,0
TAAGTCGTCGTAATGC-1_2,m2,3822,1949,nb,0,0,0,0,0,0,6.609139047,FALSE,G1,0.829971182,0.014409222,0.155619597,0
TAATCTCCAATCTAGC-1_2,m2,6686,2628,nb,0,0,0,0,0,0,4.372828561,FALSE,G1,0.659090909,0.256392045,0.084517045,0
TACAACGAGGTCATTC-1_2,m2,5895,2277,nb,0,0,0,0,0,0,3.034863306,FALSE,G1,0.776578073,0.163621262,0.059800664,0
TACAACGCAGAGGAAA-1_2,m2,11324,3968,nb,0,0,0,0,0,0,3.985348786,FALSE,G1,0.530503979,0.469496021,0,0
TACAACGTCTATACGG-1_2,m2,2124,1004,nb,0,0,0,0,0,0,2.840656902,FALSE,G2M,0.209069946,0.065334358,0.725595696,0
TACAACGTCTCAACGA-1_2,m2,25682,5721,nb,0,0,0,0,0,0,3.258060892,FALSE,G1,0.812667261,0.186440678,0.000892061,0
TACACCCGTATGATCC-1_2,m2,31686,5395,nb,0,0,0,0,0,0,2.803969665,FALSE,G1,0.68697479,0.31302521,0,0
TACACCCTCAGCTAGT-1_2,m2,13930,4534,nb,0,0,0,0,0,0,3.171851574,FALSE,G1,0.759301443,0.240698557,0,0
TACACCCTCGGTCTAA-1_2,m2,52115,7024,nb,0,0,0,0,0,0,3.663625906,FALSE,G1,0.949748744,0.007537688,0.042713568,0
TACACCCTCTCTCCGA-1_2,m2,29812,5520,nb,0,0,0,0,0,0,2.844361699,FALSE,G1,0.71942446,0.267985612,0.012589928,0
TACAGGTAGCGTCTCG-1_2,m2,7040,3227,nb,0,0,0,0,0,0,3.910356912,FALSE,G1,0.529692471,0.470307529,0,0
TACAGGTGTAACGCGA-1_2,m2,3295,1601,nb,0,0,0,0,0,0,4.712643678,FALSE,G1,0.809885932,0.023764259,0.16634981,0
TACAGGTGTACAATAG-1_2,m2,9057,3649,nb,0,0,0,0,0,0,3.965593574,FALSE,G1,0.848381601,0.149914821,0.001703578,0
TACAGGTGTATTCCTT-1_2,m2,14786,4496,nb,0,0,0,0,0,0,4.630765735,FALSE,G1,0.816993464,0.183006536,0,0
TACAGGTGTTGTGGCC-1_2,m2,24620,5667,nb,0,0,0,0,0,0,3.421275203,FALSE,G1,0.576360445,0.423639555,0,0
TACAGGTTCTGTACAG-1_2,m2,22791,5606,nb,0,0,0,0,0,0,3.853401168,FALSE,G2M,0,0.026290166,0.973709834,0
TACATTCTCATTTGCT-1_2,m2,4021,1924,nb,0,0,0,0,0,0,2.537284525,FALSE,G1,0.928505107,0.071494893,0,0
TACCCACAGGTTATAG-1_2,m2,24148,5562,nb,0,0,0,0,0,0,3.500229148,FALSE,G2M,0.188346883,0.008130081,0.803523035,0
TACCCACTCCGTAGGC-1_2,m2,16633,4905,nb,0,0,0,0,0,0,2.896699493,FALSE,G1,0.663891779,0.278876171,0.05723205,0
TACCCGTAGCCTGAAG-1_2,m2,35603,6771,nb,0,0,0,0,0,0,3.031898887,FALSE,G1,0.766283525,0.233716475,0,0
TACCCGTCAAGGACAC-1_2,m2,25036,5444,nb,0,0,0,0,0,0,3.262260128,FALSE,G1,0.937207123,0.062792877,0,0
TACCCGTCATGACAAA-1_2,m2,10197,3446,nb,0,0,0,0,0,0,7.632157693,FALSE,G2M,0.000990099,0.008910891,0.99009901,0
TACCCGTCATGACGTT-1_2,m2,20870,5667,nb,0,0,0,0,0,0,3.155651762,FALSE,G2M,0,0.410724808,0.589275192,0
TACCCGTGTCCGGTCA-1_2,m2,4793,2457,nb,0,0,0,0,0,0,5.721192587,FALSE,G1,0.638769671,0.352646638,0.008583691,0
TACCCGTTCAGCCTCT-1_2,m2,44013,6400,nb,0,0,0,0,0,0,2.154706979,FALSE,G1,0.809061489,0.190938511,0,0
TACCCGTTCGTGCGAC-1_2,m2,4076,2084,nb,0,0,0,0,0,0,9.307438622,FALSE,G1,0.449060899,0.445645987,0.105293113,0
TACCGAAGTCGCACGT-1_2,m2,14955,4887,nb,0,0,0,0,0,0,3.86425024,FALSE,G1,0.54377379,0.45622621,0,0
TACCGAATCTTCCAGC-1_2,m2,42404,6445,nb,0,0,0,0,0,0,5.07262725,FALSE,G1,0.553880514,0.446119486,0,0
TACCGGGAGTAGGTTA-1_2,m2,39090,6470,nb,0,0,0,0,0,0,4.007743421,FALSE,G2M,0.00102145,0.005107252,0.993871297,0
TACCGGGGTTCTCAGA-1_2,m2,10287,3946,nb,0,0,0,0,0,0,2.729902374,FALSE,G1,0.902527076,0.097472924,0,0
TACCGGGTCGTAACAC-1_2,m2,3400,1660,nb,0,0,0,0,0,0,4.969574037,FALSE,G1,0.381309686,0.528649386,0.090040928,0
TACCTCGAGGAAGAAC-1_2,m2,33464,6413,nb,0,0,0,0,0,0,3.269391491,FALSE,G1,0.90793072,0.09206928,0,0
TACCTGCCACAGTATC-1_2,m2,2763,1426,nb,0,0,0,0,0,0,3.326451021,FALSE,G1,0.888888889,0.025500911,0.0856102,0
TACCTGCTCCACGTGG-1_2,m2,9000,3726,nb,0,0,0,0,0,0,4.109490624,FALSE,G1,0.96053898,0.026948989,0.012512031,0
TACGCTCTCACCATGA-1_2,m2,27020,5690,nb,0,0,0,0,0,0,2.930109485,FALSE,G1,0.909090909,0.090909091,0,0
TACGCTCTCCAGTGCG-1_2,m2,16547,4712,nb,0,0,0,0,0,0,3.139653415,FALSE,S,0.527233115,0.442265795,0.030501089,0
TACGGGCCAGAAGTTA-1_2,m2,10656,3972,nb,0,0,0,0,0,0,2.857483034,FALSE,G1,0.515324675,0.484675325,0,0
TACGGGCCAGTGTGCC-1_2,m2,21549,4616,nb,0,0,0,0,0,0,2.755606233,FALSE,G2M,0,0,1,0
TACGGGCTCTTAGGAC-1_2,m2,11439,3508,nb,0,0,0,0,0,0,3.917050691,FALSE,S,0.425552354,0.568683958,0.005763689,0
TACGTCCCAGTCAGCC-1_2,m2,21251,5872,TCCAGTCGTTAGCTACTACCG,0,0,1.05E-05,0.879670307,TCCAGTCGTTAGCTACTACCG_ET27b_M1,0.000301336,3.146733942,TRUE,G1,0.962463908,0.037536092,0,0
TACGTCCGTATGTCCA-1_2,m2,25086,5752,nb,0,0,0,0,0,0,4.396798473,FALSE,G2M,0,0.003984064,0.996015936,0
TACGTCCGTCGGTAAG-1_2,m2,9828,3746,nb,0,0,0,0,0,0,4.944433353,FALSE,G1,0.604594921,0.395405079,0,0
TACTGCCAGCTAGAAT-1_2,m2,20346,5428,nb,0,0,0,0,0,0,3.67298965,FALSE,G1,0.790513834,0.209486166,0,0
TACTGCCAGGACAGTC-1_2,m2,14971,3806,nb,0,0,0,0,0,0,2.357642358,FALSE,G1,0.914913083,0.082342177,0.002744739,0
TACTGCCCACGACAAG-1_2,m2,16413,4363,nb,0,0,0,0,0,0,5.030417453,FALSE,S,0.371179039,0.195050946,0.433770015,0
TACTGCCGTAACATCC-1_2,m2,38415,6203,nb,0,0,0,0,0,0,2.587184836,FALSE,G1,0.782848151,0.217151849,0,0
TACTGCCGTGGTCCCA-1_2,m2,45950,6694,nb,0,0,0,0,0,0,2.823631625,FALSE,G1,0.486131387,0.512408759,0.001459854,0
TACTGCCTCGCTCATC-1_2,m2,1118,826,nb,0,0,0,0,0,0,6.016140866,FALSE,G2M,0.002949853,0.331858407,0.66519174,0
TACTGCCTCGTCCATC-1_2,m2,13282,3883,TCCGGGGGAGCTACTACCG,0,0,0,0,TCCGGGGGAGCTACTACCG_ET27b_M1,0,3.091090095,TRUE,G2M,0.026755853,0.211538462,0.761705686,0
TACTTACAGGGCAGTT-1_2,m2,13823,3632,nb,0,0,0,0,0,0,2.302787585,FALSE,G1,0.832639467,0.167360533,0,0
TACTTACAGTTGGACG-1_2,m2,4100,1831,nb,0,0,0,0,0,0,2.655212807,FALSE,G1,0.830860534,0.024727992,0.144411474,0
TACTTACGTCCTTTGC-1_2,m2,48897,6486,nb,0,0,0,0,0,0,2.092281708,FALSE,G1,0.978410206,0.021589794,0,0
TACTTCAAGATCGACG-1_2,m2,8973,3509,nb,0,0,0,0,0,0,2.375522615,FALSE,G1,0.559684685,0.440315315,0,0
TACTTCAAGATTGCGG-1_2,m2,12491,4000,nb,0,0,0,0,0,0,3.620884193,FALSE,G1,0.600900901,0.399099099,0,0
TACTTCAAGGTAGCCA-1_2,m2,30531,6164,nb,0,0,0,0,0,0,3.186296462,FALSE,G2M,0.03515625,0.000976563,0.963867188,0
TACTTGTAGCCGAACA-1_2,m2,36432,6236,nb,0,0,0,0,0,0,4.147790003,FALSE,G2M,0.022075055,0.280353201,0.697571744,0
TACTTGTGTCAATCTG-1_2,m2,9532,3245,nb,0,0,0,0,0,0,7.099490002,FALSE,G1,0.95042898,0.046711153,0.002859867,0
TACTTGTGTCTTTATC-1_2,m2,30963,3328,nb,0,0,0,0,0,0,5.405477693,FALSE,G1,0.947867299,0.051184834,0.000947867,0
TACTTGTGTTCCGCAG-1_2,m2,3464,1637,nb,0,0,0,0,0,0,4.070305273,FALSE,G1,0.66641791,0.112686567,0.220895522,0
TAGACCACACGCAAAG-1_2,m2,18336,4816,nb,0,0,0,0,0,0,4.251909819,FALSE,G1,0.859845228,0.140154772,0,0
TAGACCAGTGTAAACA-1_2,m2,15113,4839,nb,0,0,0,0,0,0,3.516239474,FALSE,G2M,0,0.087591241,0.912408759,0
TAGACCAGTTACCTGA-1_2,m2,14039,4606,nb,0,0,0,0,0,0,2.63706542,FALSE,G1,0.872060207,0.088428975,0.039510818,0
TAGACCATCTTGAACG-1_2,m2,15576,3726,nb,0,0,0,0,0,0,2.211728425,FALSE,G1,0.988130564,0.003956479,0.007912957,0
TAGACTGAGGGTCAAC-1_2,m2,27587,5799,nb,0,0,0,0,0,0,4.397645583,FALSE,G2M,0,0.00498008,0.99501992,0
TAGACTGTCGACGAGA-1_2,m2,19464,5266,nb,0,0,0,0,0,0,2.681039248,FALSE,G1,0.915750916,0.084249084,0,0
TAGAGTCAGTCGGCAA-1_2,m2,39696,6110,nb,0,0,0,0,0,0,2.811785759,FALSE,G1,0.789889415,0.210110585,0,0
TAGAGTCCACTATGTG-1_2,m2,21802,5614,nb,0,0,0,0,0,0,3.458167331,FALSE,S,0.661064426,0.026610644,0.31232493,0
TAGAGTCTCGAAACAA-1_2,m2,9097,3825,TCCAGTACTATCGTTAGCTACTACCG,0,0,0,0,TCCAGTACTATCGTTAGCTACTACCG_ET27b_M1,0.000462088,4.414558164,TRUE,G1,0.872489083,0.127510917,0,0
TAGAGTCTCGCAATGT-1_2,m2,8047,2974,nb,0,0,0,0,0,0,5.156988521,FALSE,G1,0.831489362,0.122553191,0.045957447,0
TAGATCGCAGCTGTTA-1_2,m2,7435,3343,nb,0,0,0,0,0,0,5.682265041,FALSE,G1,0.955109838,0.044890162,0,0
TAGCACAAGCAGTAAT-1_2,m2,8595,2857,nb,0,0,0,0,0,0,4.670487106,FALSE,G1,0.891168599,0.006244425,0.102586976,0
TAGCACAAGGATACAT-1_2,m2,19638,5182,nb,0,0,0,0,0,0,3.980514962,FALSE,S,0.207472178,0.518282989,0.274244833,0
TAGCACACAGATCCAT-1_2,m2,16205,4814,nb,0,0,0,0,0,0,3.317458379,FALSE,G1,0.802568218,0.197431782,0,0
TAGCACACAGCGTACC-1_2,m2,20699,5293,nb,0,0,0,0,0,0,2.475329767,FALSE,G2M,0.063800277,0.066574202,0.86962552,0
TAGGAGGTCCCTGTTG-1_2,m2,15115,4462,nb,0,0,0,0,0,0,2.761939423,FALSE,G1,0.841617523,0.158382477,0,0
TAGGGTTCAAGGTCGA-1_2,m2,41161,6277,nb,0,0,0,0,0,0,3.133517322,FALSE,G1,0.554938957,0.445061043,0,0
TAGGGTTTCCGGTTCT-1_2,m2,1588,972,nb,0,0,0,0,0,0,6.981132075,FALSE,G1,0.391456992,0.409011118,0.19953189,0
TAGGTACAGACTTCGT-1_2,m2,15489,4919,nb,0,0,0,0,0,0,3.109634551,FALSE,G2M,0,0.045801527,0.954198473,0
TAGGTACAGGGCGAAG-1_2,m2,2588,1390,nb,0,0,0,0,0,0,6.129807692,FALSE,G1,0.505952381,0.305272109,0.18877551,0
TAGGTACGTCTGGTTA-1_2,m2,23121,5260,nb,0,0,0,0,0,0,4.417966792,FALSE,G1,0.569309755,0.430690245,0,0
TAGTGCATCTCTATAC-1_2,m2,28996,5639,nb,0,0,0,0,0,0,2.573847782,FALSE,G1,0.957593688,0.041420118,0.000986193,0
TATACCTCACATAGCT-1_2,m2,13970,4632,nb,0,0,0,0,0,0,3.593418795,FALSE,G1,0.539665407,0.460334593,0,0
TATACCTGTCGGCTAC-1_2,m2,40201,6631,nb,0,0,0,0,0,0,3.454385996,FALSE,G1,0.865625,0.119791667,0.014583333,0
TATATCCTCCCTCGTA-1_2,m2,32622,5727,nb,0,0,0,0,0,0,3.73066816,FALSE,G1,0.845308538,0.154691462,0,0
TATCAGGCATCAGCGC-1_2,m2,16585,4855,nb,0,0,0,0,0,0,3.309431881,FALSE,G1,0.719942405,0.280057595,0,0
TATCAGGTCAACCTCC-1_2,m2,12405,4170,nb,0,0,0,0,0,0,3.523855012,FALSE,G1,0.957854406,0.042145594,0,0
TATCCTAAGACCTTTG-1_2,m2,10493,3902,nb,0,0,0,0,0,0,2.894105095,FALSE,G1,0.985929648,0.006030151,0.008040201,0
TATCCTACATACTTTC-1_2,m2,10139,3251,nb,0,0,0,0,0,0,2.897087379,FALSE,G1,0.932457786,0.037523452,0.030018762,0
TATCCTAGTGCCTACG-1_2,m2,2252,1199,nb,0,0,0,0,0,0,3.33127699,FALSE,G1,0.62342216,0.240532959,0.136044881,0
TATCCTAGTGTCCGGT-1_2,m2,37809,6036,nb,0,0,0,0,0,0,3.253069981,FALSE,G1,0.938621341,0.060434372,0.000944287,0
TATCGCCAGAAGCGCT-1_2,m2,16988,4859,nb,0,0,0,0,0,0,3.193856312,FALSE,G1,0.817661488,0.182338512,0,0
TATCGCCAGAGATCGC-1_2,m2,7466,3312,nb,0,0,0,0,0,0,4.176969269,FALSE,G1,0.81366965,0.18633035,0,0
TATCGCCAGCCAGACA-1_2,m2,9826,4039,nb,0,0,0,0,0,0,7.11372549,FALSE,G1,0.983267717,0.016732283,0,0
TATCGCCAGCTCGCAC-1_2,m2,14405,3698,TCCAGTCGTAACGATACCG,1.038934206,21162.05084,0.036875385,3101.21989,TCCAGTCGTAACGATACCG_ET27b_M1,0,3.064246863,TRUE,G1,0.914913083,0.081427264,0.003659652,0.96572313
TATCTGTAGAAGAGCA-1_2,m2,20455,4844,nb,0,0,0,0,0,0,4.82903802,FALSE,G1,0.982318271,0.017681729,0,0
TATCTGTAGTTACTCG-1_2,m2,28915,5538,nb,0,0,0,0,0,0,3.204840349,FALSE,G1,0.537634409,0.462365591,0,0
TATCTTGAGTCCCGGT-1_2,m2,1408,963,nb,0,0,0,0,0,0,6.010016694,FALSE,G1,0.598235766,0.243785084,0.15797915,0
TATCTTGTCGTAGCTA-1_2,m2,17270,4888,nb,0,0,0,0,0,0,3.386862402,FALSE,G1,0.915750916,0.084249084,0,0
TATGTTCCAGAGTAAT-1_2,m2,53724,7081,nb,0,0,0,0,0,0,5.146987819,FALSE,G2M,0.215992647,0.000919118,0.783088235,0
TATGTTCCAGCATACT-1_2,m2,24003,5630,nb,0,0,0,0,0,0,3.202479339,FALSE,G1,0.521376434,0.478623566,0,0
TATGTTCCAGCTATTG-1_2,m2,11878,4176,nb,0,0,0,0,0,0,3.139306736,FALSE,G1,0.67114094,0.32885906,0,0
TATTCCACATGAGATA-1_2,m2,44393,6350,nb,0,0,0,0,0,0,2.919439419,FALSE,S,0.529014845,0.010796221,0.460188934,0
TATTCCACATGCTGCG-1_2,m2,7346,2849,nb,0,0,0,0,0,0,4.936223167,FALSE,G1,0.891025641,0.095238095,0.013736264,0
TATTCCATCGAAGTGG-1_2,m2,44151,6606,nb,0,0,0,0,0,0,2.942814853,FALSE,S,0.232931727,0.362784471,0.404283802,0
TATTGCTCAGCACACC-1_2,m2,36644,6038,nb,0,0,0,0,0,0,2.151160685,FALSE,G1,0.710320285,0.289679715,0,0
TATTGCTCATGCTGCG-1_2,m2,2043,802,nb,0,0,0,0,0,0,5.420560748,FALSE,G1,0.81878089,0.005766063,0.175453048,0
TATTGCTGTATTCCTT-1_2,m2,3372,1751,nb,0,0,0,0,0,0,2.093132643,FALSE,G1,0.893980234,0.105121294,0.000898473,0
TATTGCTGTTGCCAAT-1_2,m2,9041,563,nb,0,0,0,0,0,0,7.063035695,FALSE,G1,0.3339254,0.396684429,0.269390172,0
TATTGCTTCGAACTCA-1_2,m2,3234,1640,nb,0,0,0,0,0,0,5.085586703,FALSE,G2M,0.166953528,0.472748135,0.360298336,0
TATTGGGAGGTAAAGG-1_2,m2,8432,3430,nb,0,0,0,0,0,0,3.57222099,FALSE,G1,0.899280576,0.100719424,0,0
TATTGGGGTATGCTAC-1_2,m2,2138,1147,nb,0,0,0,0,0,0,4.732775274,FALSE,G1,0.37267525,0.542918455,0.084406295,0
TCAAGACAGTGATCGG-1_2,m2,11066,4270,nb,0,0,0,0,0,0,5.637714365,FALSE,G1,0.502512563,0.496859296,0.000628141,0
TCAAGACCAACACGTT-1_2,m2,10095,4076,nb,0,0,0,0,0,0,3.935027865,FALSE,G1,0.793650794,0.206349206,0,0
TCAAGCACAGTTAAAG-1_2,m2,32080,5879,nb,0,0,0,0,0,0,2.638015009,FALSE,G1,0.954070981,0.042797495,0.003131524,0
TCAAGCAGTCTGGTTA-1_2,m2,14753,4325,nb,0,0,0,0,0,0,5.357799853,FALSE,G2M,0.159340659,0.000915751,0.83974359,0
TCAAGCATCGCGCTGA-1_2,m2,21727,5643,nb,0,0,0,0,0,0,3.961032993,FALSE,G2M,0.001992032,0.003984064,0.994023904,0
TCAAGCATCTCTCAAT-1_2,m2,23612,5569,nb,0,0,0,0,0,0,2.821059038,FALSE,S,0.221614227,0.480164159,0.298221614,0
TCAAGCATCTGTAACG-1_2,m2,14934,4942,nb,0,0,0,0,0,0,3.747291498,FALSE,G1,0.842459983,0.157540017,0,0
TCAATCTAGAGTGACC-1_2,m2,31012,5846,nb,0,0,0,0,0,0,3.032389923,FALSE,S,0.437799043,0.040669856,0.5215311,0
TCAATCTAGCCAAGGT-1_2,m2,17818,5021,nb,0,0,0,0,0,0,3.938613024,FALSE,G1,0.725735294,0.274264706,0,0
TCAATCTCATCGCTGG-1_2,m2,47804,6594,nb,0,0,0,0,0,0,2.831163464,FALSE,G1,0.783676704,0.216323296,0,0
TCAATCTTCACGGTCG-1_2,m2,2225,1357,nb,0,0,0,0,0,0,7.577337504,FALSE,G2M,0.063079777,0.160482375,0.776437848,0
TCAATTCCAATTAGGA-1_2,m2,38015,4521,nb,0,0,0,0,0,0,2.114454277,FALSE,G2M,0.000972763,0.026264591,0.972762646,0
TCAATTCTCGATTCCC-1_2,m2,3234,1561,nb,0,0,0,0,0,0,5.444392741,FALSE,G1,0.421580189,0.568985849,0.009433962,0
TCAATTCTCTCGGCTT-1_2,m2,22789,2465,nb,0,0,0,0,0,0,2.820776021,FALSE,G1,0.962463908,0.037536092,0,0
TCACAAGTCCGCGATG-1_2,m2,21791,5486,nb,0,0,0,0,0,0,3.433087592,FALSE,G1,0.713266762,0.286733238,0,0
TCACACCAGTAGACCG-1_2,m2,4252,1481,nb,0,0,0,0,0,0,3.868813826,FALSE,G1,0.403508772,0.410818713,0.185672515,0
TCACACCGTCATCGGC-1_2,m2,24155,5347,nb,0,0,0,0,0,0,3.500940509,FALSE,G1,0.693019344,0.279226241,0.027754415,0
TCACATTAGACGATAT-1_2,m2,40803,6129,nb,0,0,0,0,0,0,2.03066866,FALSE,G1,0.838222967,0.161777033,0,0
TCACATTGTTTCGTAG-1_2,m2,60153,7059,nb,0,0,0,0,0,0,3.008865818,FALSE,G2M,0.226010101,0.022727273,0.751262626,0
TCACATTTCACTGAAC-1_2,m2,12482,4155,nb,0,0,0,0,0,0,9.979522184,FALSE,G2M,0.002881844,0.036503362,0.960614793,0
TCACATTTCCGAGAAG-1_2,m2,967,493,nb,0,0,0,0,0,0,7.247796278,FALSE,G2M,0,0.18699187,0.81300813,0
TCACGCTAGGCTAAAT-1_2,m2,1424,785,nb,0,0,0,0,0,0,2.651708312,FALSE,G1,0.840707965,0.154867257,0.004424779,0
TCACGCTAGTGCCGAA-1_2,m2,2756,1496,nb,0,0,0,0,0,0,3.233830846,FALSE,G1,0.490384615,0.438301282,0.071314103,0
TCACGGGAGAGAATCT-1_2,m2,24348,5645,nb,0,0,0,0,0,0,3.572986016,FALSE,S,0.203457447,0.248670213,0.54787234,0
TCACGGGAGGTCCCGT-1_2,m2,19612,4564,nb,0,0,0,0,0,0,2.594991706,FALSE,G1,0.883763838,0.08302583,0.033210332,0
TCACGGGAGTGGTCAG-1_2,m2,2190,1237,nb,0,0,0,0,0,0,9.580838323,FALSE,G1,0.645011601,0.34029389,0.014694509,0
TCACGGGGTCCATACA-1_2,m2,41642,6976,nb,0,0,0,0,0,0,3.479593155,FALSE,G2M,0.017605634,0.465669014,0.516725352,0
TCACTATGTTTGCCGG-1_2,m2,39223,6203,nb,0,0,0,0,0,0,3.072530393,FALSE,G1,0.580307692,0.419692308,0,0
TCACTCGCAATTGCAC-1_2,m2,31856,6378,nb,0,0,0,0,0,0,3.666644724,FALSE,G2M,0.003984064,0.002988048,0.993027888,0
TCACTCGGTGCTGCAC-1_2,m2,45682,6550,nb,0,0,0,0,0,0,2.729506232,FALSE,G1,0.5063484,0.4936516,0,0
TCAGCAACACAGACGA-1_2,m2,989,561,nb,0,0,0,0,0,0,2.429543246,FALSE,G1,0.638349515,0.051779935,0.30987055,0
TCAGCAACAGAGTTCT-1_2,m2,10348,3889,nb,0,0,0,0,0,0,2.830356613,FALSE,G1,0.789889415,0.210110585,0,0
TCAGCAATCACTTCTA-1_2,m2,18645,4840,nb,0,0,0,0,0,0,5.317431193,FALSE,G2M,0.274909964,0.096038415,0.629051621,0
TCAGCAATCCGAACGC-1_2,m2,23073,5745,nb,0,0,0,0,0,0,3.587589838,FALSE,G2M,0,0,1,0
TCAGCAATCGGTCACG-1_2,m2,38872,6105,nb,0,0,0,0,0,0,2.5944321,FALSE,G1,0.684693878,0.021428571,0.293877551,0
TCAGCAATCTCGGTCT-1_2,m2,6423,2615,nb,0,0,0,0,0,0,2.604230346,FALSE,G1,0.765022422,0.070852018,0.164125561,0
TCAGCCTTCACGAGGA-1_2,m2,21137,5541,nb,0,0,0,0,0,0,3.0651341,FALSE,G1,0.615384615,0.384615385,0,0
TCAGGGCGTATCGAGG-1_2,m2,20158,4881,nb,0,0,0,0,0,0,5.470983419,FALSE,G1,0.722543353,0.277456647,0,0
TCAGGGCGTGGGCTTC-1_2,m2,25405,5206,nb,0,0,0,0,0,0,3.321727411,FALSE,G2M,0.452270621,0,0.547729379,0
TCAGGTAGTAGATCGG-1_2,m2,11342,4396,nb,0,0,0,0,0,0,6.327028274,FALSE,G1,0.706884315,0.293115685,0,0
TCAGGTAGTCCATAGT-1_2,m2,21173,5507,nb,0,0,0,0,0,0,4.279533484,FALSE,G1,0.589275192,0.410724808,0,0
TCAGGTATCATGAAAG-1_2,m2,19087,5008,nb,0,0,0,0,0,0,2.840253749,FALSE,G2M,0.059777102,0.168186424,0.772036474,0
TCAGGTATCGACACTA-1_2,m2,14374,4707,nb,0,0,0,0,0,0,3.046619725,FALSE,G1,0.537521815,0.462478185,0,0
TCAGTCCCAGGTGGAT-1_2,m2,5575,2394,nb,0,0,0,0,0,0,3.110419907,FALSE,G1,0.623840114,0.189864383,0.186295503,0
TCAGTCCCATACGCAT-1_2,m2,39548,6388,nb,0,0,0,0,0,0,3.308668076,FALSE,G2M,0.067887931,0.003232759,0.92887931,0
TCAGTCCTCGCTTGAA-1_2,m2,21130,5600,nb,0,0,0,0,0,0,2.8501949,FALSE,G1,0.979249012,0.018774704,0.001976285,0
TCAGTCCTCTGAGAGG-1_2,m2,50301,6625,nb,0,0,0,0,0,0,3.115928558,FALSE,S,0.494363929,0.001610306,0.504025765,0
TCAGTGATCAACACCA-1_2,m2,12703,4172,nb,0,0,0,0,0,0,4.385164511,FALSE,G2M,0.121504339,0.031822565,0.846673095,0
TCAGTTTCATCAGCTA-1_2,m2,57648,6948,nb,0,0,0,0,0,0,2.805461431,FALSE,G2M,0.002309469,0.247882987,0.749807544,0
TCAGTTTGTACTAACC-1_2,m2,8131,3017,nb,0,0,0,0,0,0,3.73747495,FALSE,G1,0.928505107,0.071494893,0,0
TCATATCAGGTCATTC-1_2,m2,8928,2918,nb,0,0,0,0,0,0,4.29957423,FALSE,G1,0.724537037,0.09837963,0.177083333,0
TCATATCCACCCATAA-1_2,m2,3397,1844,TCCAGTTACGACTACTACCG,0.198971508,4052.85065,0.052974809,4455.181411,TCCAGTTACGACTACTACCG_ET27b_M1,0.000154612,3.769797011,TRUE,G1,0.617794486,0.381578947,0.000626566,0.789737712
TCATATCCACCTCTGT-1_2,m2,19129,4897,nb,0,0,0,0,0,0,4.055476891,FALSE,G1,0.868055556,0.131944444,0,0
TCATCATAGAACTCCT-1_2,m2,3925,1899,nb,0,0,0,0,0,0,3.283052351,FALSE,G1,0.860121633,0.003475239,0.136403128,0
TCATCATGTCTGCCTT-1_2,m2,17612,4777,nb,0,0,0,0,0,0,2.608354579,FALSE,G1,0.74744898,0.25255102,0,0
TCATCCGAGGGCAATC-1_2,m2,1856,1048,nb,0,0,0,0,0,0,3.728693182,FALSE,G1,0.510738607,0.48768989,0.001571503,0
TCATCCGCAATGGGTG-1_2,m2,53670,6558,nb,0,0,0,0,0,0,2.605747157,FALSE,G1,0.542179262,0.003514938,0.4543058,0
TCATCCGGTCAGTTTG-1_2,m2,24124,5637,nb,0,0,0,0,0,0,2.915332957,FALSE,G1,0.842,0.149,0.009,0
TCATGAGAGACCACGA-1_2,m2,29585,4135,nb,0,0,0,0,0,0,2.391084714,FALSE,S,0.067079463,0.786377709,0.146542828,0
TCATGAGCATTGACAC-1_2,m2,13474,4373,nb,0,0,0,0,0,0,4.525343849,FALSE,G1,0.554938957,0.445061043,0,0
TCATGCCCAGCTACAT-1_2,m2,10438,4043,nb,0,0,0,0,0,0,2.975915539,FALSE,G1,0.803212851,0.196787149,0,0
TCATGCCGTTAACCTG-1_2,m2,49034,6427,nb,0,0,0,0,0,0,2.69794806,FALSE,G1,0.990536278,0.006309148,0.003154574,0
TCATGCCTCTACAGGT-1_2,m2,29511,6391,nb,0,0,0,0,0,0,3.579564733,FALSE,G2M,0,0.094373866,0.905626134,0
TCATGGAGTCGCCTAG-1_2,m2,25023,4705,nb,0,0,0,0,0,0,2.927249247,FALSE,G2M,0.005934718,0.004945598,0.989119683,0
TCATGGAGTGTACGCC-1_2,m2,4247,1881,nb,0,0,0,0,0,0,6.520172911,FALSE,G1,0.803660566,0.004159734,0.1921797,0
TCATGGATCGAATCCA-1_2,m2,2368,1391,nb,0,0,0,0,0,0,4.866899704,FALSE,G1,0.555555556,0.411111111,0.033333333,0
TCATGGATCGTGCATA-1_2,m2,11130,4149,nb,0,0,0,0,0,0,5.193661972,FALSE,G1,0.702397743,0.297602257,0,0
TCATGTTAGGACTATA-1_2,m2,15144,4615,nb,0,0,0,0,0,0,5.611449624,FALSE,G1,0.713571429,0.286428571,0,0
TCATTACAGGAGAGGC-1_2,m2,893,683,nb,0,0,0,0,0,0,2.998379254,FALSE,G1,0.456714383,0.525562372,0.017723245,0
TCATTACAGTTGGAAT-1_2,m2,3115,1536,nb,0,0,0,0,0,0,4.346175745,FALSE,G1,0.7,0.119298246,0.180701754,0
TCATTGTCACATGACT-1_2,m2,3594,1287,nb,0,0,0,0,0,0,2.25464191,FALSE,G2M,0,0.038461538,0.961538462,0
TCATTGTCACCCTGAG-1_2,m2,31554,5720,nb,0,0,0,0,0,0,3.697646149,FALSE,G1,0.931902985,0.068097015,0,0
TCATTGTTCTAGTTCT-1_2,m2,16544,4591,nb,0,0,0,0,0,0,7.624129112,FALSE,G1,0.685064935,0.045454545,0.269480519,0
TCATTTGAGGGAGGGT-1_2,m2,19548,5223,nb,0,0,0,0,0,0,3.280440415,FALSE,G1,0.881834215,0.118165785,0,0
TCATTTGGTCCCTGAG-1_2,m2,9976,3935,nb,0,0,0,0,0,0,5.183374083,FALSE,G2M,0,0.051823417,0.948176583,0
TCCACCAAGCATAGGC-1_2,m2,38155,5903,nb,0,0,0,0,0,0,2.490038012,FALSE,G1,0.714593817,0.285406183,0,0
TCCACCACATGATCTG-1_2,m2,19448,5420,nb,0,0,0,0,0,0,3.524765631,FALSE,G1,0.883392226,0.116607774,0,0
TCCACCAGTCTAACGT-1_2,m2,16247,4524,nb,0,0,0,0,0,0,3.204782266,FALSE,G1,0.842459983,0.157540017,0,0
TCCACCATCAACACGT-1_2,m2,3192,1662,TCCAGTTACTATCGTCCAGCTACTACCG,0,0,0,0,TCCAGTTACTATCGTCCAGCTACTACCG_ET27b_M1,7.09E-07,3.609865471,TRUE,G1,0.338410596,0.613907285,0.047682119,0
TCCACGTAGACTTCGT-1_2,m2,46321,6555,nb,0,0,0,0,0,0,2.949094848,FALSE,G1,0.708008505,0.291991495,0,0
TCCACGTCAATAGTCC-1_2,m2,16203,4106,nb,0,0,0,0,0,0,3.286665137,FALSE,G2M,0.063577586,0.0625,0.873922414,0
TCCACGTGTACTTCCC-1_2,m2,20736,5033,nb,0,0,0,0,0,0,3.895646607,FALSE,G2M,0.12625538,0.012912482,0.860832138,0
TCCAGAAAGATTCGAA-1_2,m2,9836,2979,nb,0,0,0,0,0,0,2.448783611,FALSE,G1,0.956730769,0.008653846,0.034615385,0
TCCAGAAGTACAGAAT-1_2,m2,47502,6481,nb,0,0,0,0,0,0,3.241441987,FALSE,G2M,0.025201613,0.001008065,0.973790323,0
TCCAGAATCCCTTGGT-1_2,m2,36690,5964,nb,0,0,0,0,0,0,2.504982027,FALSE,G1,0.755287009,0.244712991,0,0
TCCATGCGTACTAAGA-1_2,m2,2307,1239,nb,0,0,0,0,0,0,2.747875354,FALSE,G1,0.816819317,0.002497918,0.180682764,0
TCCCACACAAGTTTGC-1_2,m2,20807,5086,nb,0,0,0,0,0,0,3.064289366,FALSE,G2M,0.184596577,0.172371638,0.643031785,0
TCCCACACACCTCGTT-1_2,m2,26066,5964,nb,0,0,0,0,0,0,3.512925694,FALSE,G1,0.533295063,0.466130884,0.000574053,0
TCCCACACAGGTTTAC-1_2,m2,54049,7116,nb,0,0,0,0,0,0,2.623091529,FALSE,S,0.440764331,0.049681529,0.50955414,0
TCCCACAGTAGCGTAG-1_2,m2,19849,4945,nb,0,0,0,0,0,0,3.826409997,FALSE,G1,0.931098696,0.068901304,0,0
TCCCATGCAGAACATA-1_2,m2,44939,6385,nb,0,0,0,0,0,0,2.513928317,FALSE,G1,0.843683084,0.02248394,0.133832976,0
TCCCATGGTACAATAG-1_2,m2,2113,1161,nb,0,0,0,0,0,0,4.279912527,FALSE,G1,0.479522184,0.513651877,0.006825939,0
TCCCATGGTTGCCGAC-1_2,m2,2582,1428,nb,0,0,0,0,0,0,2.480417755,FALSE,G2M,0.430248619,0.023480663,0.546270718,0
TCCGAAAAGTTCCGTA-1_2,m2,58520,6749,nb,0,0,0,0,0,0,2.082577023,FALSE,G1,0.957762557,0.001141553,0.04109589,0
TCCGAAACATCACAGT-1_2,m2,10879,3896,nb,0,0,0,0,0,0,8.495440729,FALSE,G2M,0.001563722,0.247849883,0.750586396,0
TCCGATCAGTCACTCA-1_2,m2,7440,3325,nb,0,0,0,0,0,0,9.652509653,FALSE,G1,0.481615431,0.515973478,0.002411091,0
TCCGATCGTATGTCAC-1_2,m2,46468,6809,nb,0,0,0,0,0,0,2.235826877,FALSE,G1,0.94273743,0.01396648,0.043296089,0
TCCGATCGTTACCCAA-1_2,m2,6900,2563,nb,0,0,0,0,0,0,3.373370815,FALSE,G1,0.803234501,0.188679245,0.008086253,0
TCCGGGAGTAACAGTA-1_2,m2,7686,3279,nb,0,0,0,0,0,0,3.122190437,FALSE,G1,0.932773109,0.067226891,0,0
TCCGGGAGTCCGATCG-1_2,m2,1947,961,nb,0,0,0,0,0,0,7.53080785,FALSE,G1,0.616427432,0.30861244,0.074960128,0
TCCGTGTGTAGGCAGT-1_2,m2,6553,2911,nb,0,0,0,0,0,0,4.324430095,FALSE,G1,0.550357733,0.449642267,0,0
TCCGTGTTCTGGGCAC-1_2,m2,2305,1292,nb,0,0,0,0,0,0,5.946834749,FALSE,G1,0.629822732,0.262773723,0.107403545,0
TCCTAATAGTAGACCG-1_2,m2,11923,3905,nb,0,0,0,0,0,0,2.919042189,FALSE,G1,0.524109015,0.475890985,0,0
TCCTAATGTCGCGTTG-1_2,m2,10836,4168,nb,0,0,0,0,0,0,3.685014275,FALSE,G2M,0.005323869,0.118899734,0.875776398,0
TCCTAATGTTGTTGAC-1_2,m2,1441,905,nb,0,0,0,0,0,0,5.607476636,FALSE,G1,0.486011711,0.424202993,0.089785296,0
TCCTCCCGTGACATCT-1_2,m2,48901,6496,nb,0,0,0,0,0,0,2.456321691,FALSE,G1,0.810872027,0.081540204,0.107587769,0
TCCTCCCGTGATACCT-1_2,m2,9506,3684,nb,0,0,0,0,0,0,7.55033557,FALSE,G2M,0.002991027,0,0.997008973,0
TCCTCCCGTGGAAGTC-1_2,m2,2898,1425,nb,0,0,0,0,0,0,6.339984845,FALSE,G1,0.583769634,0.343586387,0.072643979,0
TCCTCGACAGGCTCTG-1_2,m2,26156,5381,nb,0,0,0,0,0,0,3.0498979,FALSE,G1,0.686259542,0.309923664,0.003816794,0
TCCTCGATCGAACCTA-1_2,m2,12106,4326,nb,0,0,0,0,0,0,4.646932363,FALSE,G1,0.566299942,0.433700058,0,0
TCCTCTTGTACTAGCT-1_2,m2,23357,5397,nb,0,0,0,0,0,0,9.182326054,FALSE,G2M,0.178603006,0.022988506,0.798408488,0
TCCTGCAAGCACAAAT-1_2,m2,2906,1717,nb,0,0,0,0,0,0,2.877307275,FALSE,G1,0.532744665,0.463576159,0.003679176,0
TCCTGCACAACGGCCT-1_2,m2,11742,4307,nb,0,0,0,0,0,0,3.800398688,FALSE,G1,0.840669014,0.102992958,0.056338028,0
TCCTGCACAAGGATGC-1_2,m2,51829,6468,nb,0,0,0,0,0,0,2.239596399,FALSE,G2M,0.051,0.098,0.851,0
TCCTGCACACTGGCGT-1_2,m2,33215,6178,nb,0,0,0,0,0,0,3.354765981,FALSE,G1,0.55401662,0.44598338,0,0
TCCTTCTAGGTAGTAT-1_2,m2,18397,4882,nb,0,0,0,0,0,0,4.132377353,FALSE,S,0.354058722,0.529360967,0.116580311,0
TCCTTCTGTTCCGTTC-1_2,m2,15397,4557,nb,0,0,0,0,0,0,8.656373978,FALSE,G1,0.815660685,0.184339315,0,0
TCCTTCTTCCGACAGC-1_2,m2,3769,1732,nb,0,0,0,0,0,0,2.501895375,FALSE,G1,0.535305985,0.444519166,0.020174849,0
TCCTTTCGTTCTAAGC-1_2,m2,18992,4596,nb,0,0,0,0,0,0,2.512475591,FALSE,G2M,0,0.094202899,0.905797101,0
TCGAAGTAGGCGACAT-1_2,m2,1816,1010,nb,0,0,0,0,0,0,5.017793594,FALSE,G1,0.387254902,0.56127451,0.051470588,0
TCGACCTAGTCTGCAT-1_2,m2,6275,2958,nb,0,0,0,0,0,0,6.60745234,FALSE,G1,0.40088349,0.540585312,0.058531198,0
TCGACCTAGTTTGTCG-1_2,m2,42616,6355,nb,0,0,0,0,0,0,3.168540799,FALSE,G1,0.910583942,0.089416058,0,0
TCGACGGCATGTAACC-1_2,m2,13335,3436,nb,0,0,0,0,0,0,3.145766018,FALSE,G1,0.982283465,0.017716535,0,0
TCGATTTAGCGGTAGT-1_2,m2,1275,828,nb,0,0,0,0,0,0,2.911534155,FALSE,G1,0.724328594,0.255134281,0.020537125,0
TCGATTTGTACAGTAA-1_2,m2,23666,5472,nb,0,0,0,0,0,0,3.205249372,FALSE,G2M,0,0.066795741,0.933204259,0
TCGATTTGTAGCTTGT-1_2,m2,17232,4262,nb,0,0,0,0,0,0,2.603287856,FALSE,G2M,0.000998004,0.000998004,0.998003992,0
TCGCACTAGCGATCGA-1_2,m2,956,631,nb,0,0,0,0,0,0,2.322580645,FALSE,G1,0.478318879,0.49299533,0.028685791,0
TCGCACTAGGAGTCTG-1_2,m2,30482,6025,nb,0,0,0,0,0,0,3.755224805,FALSE,G2M,0,0.045764362,0.954235638,0
TCGCACTGTCCACTCT-1_2,m2,24714,5839,nb,0,0,0,0,0,0,2.881774722,FALSE,G2M,0.001996008,0,0.998003992,0
TCGCACTGTTGCATGT-1_2,m2,29187,5068,nb,0,0,0,0,0,0,3.146980079,FALSE,G2M,0.021023766,0.216636197,0.762340037,0
TCGCAGGAGCGCATCC-1_2,m2,1070,813,nb,0,0,0,0,0,0,5.022488756,FALSE,G1,0.640192152,0.352841665,0.006966182,0
TCGCAGGGTAATACCC-1_2,m2,39291,6837,nb,0,0,0,0,0,0,5.50016205,FALSE,G1,0.866551127,0.133448873,0,0
TCGCAGGGTCCGACGT-1_2,m2,4205,1868,nb,0,0,0,0,0,0,6.792873051,FALSE,G1,0.56378866,0.382731959,0.053479381,0
TCGCTTGCAACGATCT-1_2,m2,22330,5654,nb,0,0,0,0,0,0,2.749418454,FALSE,S,0.110512129,0.172506739,0.716981132,0
TCGGATACAGACTGCC-1_2,m2,31773,5964,nb,0,0,0,0,0,0,3.501524323,FALSE,G1,0.590747331,0.409252669,0,0
TCGGGACTCTTGATTC-1_2,m2,20069,5009,nb,0,0,0,0,0,0,3.225198631,FALSE,G1,0.990049751,0.009950249,0,0
TCGGGCACAGACACAG-1_2,m2,23097,5306,TCCAGTCGTAACGATACCG,1.038934206,21162.05084,0.036875385,3101.21989,TCCAGTCGTAACGATACCG_ET27b_M1,0,3.109279523,TRUE,S,0.403486924,0.00498132,0.591531756,0.96572313
TCGGGCACAGACCCGT-1_2,m2,33645,4381,nb,0,0,0,0,0,0,2.201321297,FALSE,G2M,0.020019066,0.143946616,0.836034318,0
TCGGGCAGTTCTGAGT-1_2,m2,8787,3510,TCCAGTCGTAACGATACCG,1.038934206,21162.05084,0.036875385,3101.21989,TCCAGTCGTAACGATACCG_ET27b_M1,0,3.363064776,TRUE,G1,0.821692687,0.178307313,0,0.96572313
TCGGGCATCCACTTTA-1_2,m2,8132,3429,nb,0,0,0,0,0,0,4.126478235,FALSE,G1,0.577034045,0.422965955,0,0
TCGGGTGAGCTCATAC-1_2,m2,20722,3397,nb,0,0,0,0,0,0,2.248089568,FALSE,G2M,0.007897335,0.004935834,0.987166831,0
TCGGGTGCACAGAGCA-1_2,m2,14541,4194,nb,0,0,0,0,0,0,4.243727599,FALSE,G1,0.731671554,0.266129032,0.002199413,0
TCGGTCTAGGTTACCT-1_2,m2,12170,3911,nb,0,0,0,0,0,0,6.190075694,FALSE,G2M,0.003925417,0.014720314,0.981354269,0
TCGGTCTCAGTATTCG-1_2,m2,41864,6189,nb,0,0,0,0,0,0,3.519248703,FALSE,G1,0.637820513,0.362179487,0,0
TCGGTCTGTATCGATC-1_2,m2,24555,5740,nb,0,0,0,0,0,0,3.363330865,FALSE,G1,0.899817851,0.100182149,0,0
TCGGTCTGTTCTGACA-1_2,m2,3788,1750,nb,0,0,0,0,0,0,4.947129909,FALSE,G1,0.848238482,0.134598013,0.017163505,0
TCGGTCTTCGGTGTAT-1_2,m2,9141,3599,nb,0,0,0,0,0,0,3.463784655,FALSE,G1,0.837011885,0.160441426,0.002546689,0
TCGTAGACAATTGCCA-1_2,m2,9038,3129,nb,0,0,0,0,0,0,5.245751034,FALSE,G1,0.964251208,0.031884058,0.003864734,0
TCGTAGACATGGGTCC-1_2,m2,22755,4604,nb,0,0,0,0,0,0,2.938398573,FALSE,S,0.581481481,0.092592593,0.325925926,0
TCGTCCACACCGCTAG-1_2,m2,68298,5747,nb,0,0,0,0,0,0,2.006628812,FALSE,G2M,0.188353048,0.000909918,0.810737034,0
TCGTCCAGTAGACAGC-1_2,m2,2444,1324,nb,0,0,0,0,0,0,3.362175525,FALSE,G1,0.773416592,0.061552186,0.165031222,0
TCGTCCATCGACTCCT-1_2,m2,24816,5475,nb,0,0,0,0,0,0,5.560107691,FALSE,G1,0.508171604,0.491828396,0,0
TCGTGCTTCATGGAGG-1_2,m2,23404,4892,nb,0,0,0,0,0,0,3.100463056,FALSE,G1,0.632111252,0.367888748,0,0
TCTAACTCAAGCGAGT-1_2,m2,19760,2850,nb,0,0,0,0,0,0,4.081830993,FALSE,G2M,0.035440613,0.00862069,0.955938697,0
TCTAACTGTATACAGA-1_2,m2,15602,4845,nb,0,0,0,0,0,0,3.80754733,FALSE,G2M,0.027272727,0.006060606,0.966666667,0
TCTACATAGCCTCAGC-1_2,m2,20315,5343,nb,0,0,0,0,0,0,5.228043312,FALSE,G2M,0.035820896,0.041791045,0.92238806,0
TCTACATAGTGCCAGA-1_2,m2,13923,4622,nb,0,0,0,0,0,0,5.153807363,FALSE,G1,0.643500644,0.356499356,0,0
TCTACATCATAGTCAC-1_2,m2,10140,3909,nb,0,0,0,0,0,0,5.827823598,FALSE,G1,0.67294751,0.32705249,0,0
TCTACCGGTGACACAG-1_2,m2,5750,2315,nb,0,0,0,0,0,0,3.289997347,FALSE,G1,0.774518022,0.019279128,0.20620285,0
TCTACCGTCATGAAAG-1_2,m2,32778,6107,nb,0,0,0,0,0,0,4.787222639,FALSE,G1,0.781690141,0.218309859,0,0
TCTATACTCTATACTC-1_2,m2,20787,5426,nb,0,0,0,0,0,0,2.484072116,FALSE,G2M,0,0.118165785,0.881834215,0
TCTATACTCTTACCAT-1_2,m2,10323,4231,nb,0,0,0,0,0,0,3.492185993,FALSE,G1,0.769822941,0.230177059,0,0
TCTCAGCTCCGCAACG-1_2,m2,37715,6097,nb,0,0,0,0,0,0,3.046774164,FALSE,G1,0.796847636,0.200525394,0.00262697,0
TCTCCGACACACCGAC-1_2,m2,20404,5635,nb,0,0,0,0,0,0,3.512368457,FALSE,G2M,0,0.161016949,0.838983051,0
TCTCCGACACGGATCC-1_2,m2,37406,6256,nb,0,0,0,0,0,0,3.468068057,FALSE,S,0.26984127,0.20861678,0.52154195,0
TCTCCGAGTCTTGAGT-1_2,m2,26144,5518,nb,0,0,0,0,0,0,3.297570601,FALSE,G1,0.754716981,0.245283019,0,0
TCTCCGAGTGTTACAC-1_2,m2,8296,3438,nb,0,0,0,0,0,0,4.248731401,FALSE,G1,0.998003992,0.001996008,0,0
TCTCCGATCGGCTATA-1_2,m2,13768,4471,nb,0,0,0,0,0,0,3.448456032,FALSE,G1,0.537923615,0.462076385,0,0
TCTCTGGTCTCTGCTG-1_2,m2,41271,6155,nb,0,0,0,0,0,0,3.437302233,FALSE,G2M,0.001853568,0.159406858,0.838739574,0
TCTGCCAAGAGCCATG-1_2,m2,20705,5229,nb,0,0,0,0,0,0,4.270949277,FALSE,G2M,0.003902439,0.020487805,0.975609756,0
TCTGCCAGTGTCCGGT-1_2,m2,9107,3216,nb,0,0,0,0,0,0,5.445618212,FALSE,S,0.435265105,0.171393342,0.393341554,0
TCTGCCAGTGTGTCCG-1_2,m2,2518,1304,nb,0,0,0,0,0,0,3.875968992,FALSE,G1,0.577555397,0.258756254,0.163688349,0
TCTGGCTAGCGACATG-1_2,m2,32241,6319,nb,0,0,0,0,0,0,4.151225036,FALSE,G2M,0.162123386,0.091822095,0.746054519,0
TCTGGCTGTGTTCCTC-1_2,m2,39806,6018,nb,0,0,0,0,0,0,2.221505668,FALSE,G1,0.824369748,0.175630252,0,0
TCTGTCGAGTAGTCTC-1_2,m2,21478,5240,nb,0,0,0,0,0,0,3.360542122,FALSE,G2M,0,0.004975124,0.995024876,0
TCTGTCGCACGGTGCT-1_2,m2,2088,1218,nb,0,0,0,0,0,0,2.257077276,FALSE,G1,0.59379845,0.172868217,0.233333333,0
TCTGTCGTCCTTATCA-1_2,m2,36210,5732,nb,0,0,0,0,0,0,3.283311512,FALSE,G1,0.700914849,0.299085151,0,0
TCTTAGTAGATAGTCA-1_2,m2,41051,6433,nb,0,0,0,0,0,0,2.991954698,FALSE,G1,0.743303571,0.256696429,0,0
TCTTAGTCACGCACCA-1_2,m2,15100,4645,nb,0,0,0,0,0,0,9.086188993,FALSE,G2M,0.000848896,0.156196944,0.84295416,0
TCTTAGTTCTGCGAGC-1_2,m2,4566,1796,nb,0,0,0,0,0,0,5.572423647,FALSE,G1,0.593729153,0.098065377,0.30820547,0
TCTTGCGTCAAGGCTT-1_2,m2,31076,6145,nb,0,0,0,0,0,0,3.429523726,FALSE,G2M,0.029834254,0.030939227,0.939226519,0
TCTTTGATCAACGAGG-1_2,m2,8146,2895,nb,0,0,0,0,0,0,2.647391797,FALSE,G1,0.806477733,0.192712551,0.000809717,0
TGAATCGCAATTTCCT-1_2,m2,7396,3211,nb,0,0,0,0,0,0,9.014783418,FALSE,G1,0.57989541,0.42010459,0,0
TGAATGCAGCAAATGT-1_2,m2,1856,1077,nb,0,0,0,0,0,0,3.840472674,FALSE,G1,0.798816568,0.198647506,0.002535926,0
TGAATGCCACGTGAGA-1_2,m2,9653,3897,nb,0,0,0,0,0,0,5.468451243,FALSE,G1,0.516813244,0.483186756,0,0
TGAATGCCAGTTACCA-1_2,m2,28371,5951,nb,0,0,0,0,0,0,3.023502118,FALSE,G1,0.595566207,0.404433793,0,0
TGAATGCTCCATCGTC-1_2,m2,28595,5817,nb,0,0,0,0,0,0,3.651699088,FALSE,S,0.268476621,0.526395173,0.205128205,0
TGAATGCTCCCTCAAC-1_2,m2,26090,6002,nb,0,0,0,0,0,0,3.545467205,FALSE,G2M,0,0.275042445,0.724957555,0
TGACAGTAGACATCAA-1_2,m2,9135,3642,nb,0,0,0,0,0,0,7.961564859,FALSE,G1,0.604026846,0.395363026,0.000610128,0
TGACAGTAGACTCCGC-1_2,m2,6009,2834,nb,0,0,0,0,0,0,9.976057462,FALSE,G1,0.953140578,0.01894317,0.027916251,0
TGACCCTGTTATCTTC-1_2,m2,17126,4429,nb,0,0,0,0,0,0,2.741207448,FALSE,G1,0.958415842,0.02970297,0.011881188,0
TGACCCTTCTTTCCGG-1_2,m2,15276,4769,nb,0,0,0,0,0,0,3.926726163,FALSE,G1,0.634957463,0.365042537,0,0
TGACGCGAGGAATGTT-1_2,m2,45525,6248,nb,0,0,0,0,0,0,3.644516529,FALSE,G1,0.638962766,0.361037234,0,0
TGACGCGCAGAGAATT-1_2,m2,15972,4665,nb,0,0,0,0,0,0,2.74988044,FALSE,G1,0.863321799,0.136678201,0,0
TGACTCCAGATCACTC-1_2,m2,2416,1357,nb,0,0,0,0,0,0,4.704899777,FALSE,G1,0.354368932,0.454230236,0.191400832,0
TGACTCCCAGTCGCAC-1_2,m2,35212,6735,nb,0,0,0,0,0,0,2.856601549,FALSE,G2M,0.036405887,0.269558482,0.694035631,0
TGACTCCGTCTGATAC-1_2,m2,3893,1770,nb,0,0,0,0,0,0,2.661523626,FALSE,G1,0.733579336,0.265682657,0.000738007,0
TGAGACTCATGGTACT-1_2,m2,20741,5373,nb,0,0,0,0,0,0,4.533960181,FALSE,G2M,0.07257384,0.323206751,0.604219409,0
TGAGCATAGGTGGTTG-1_2,m2,13532,4497,nb,0,0,0,0,0,0,5.211421439,FALSE,G1,0.772904483,0.222222222,0.004873294,0
TGAGCATAGTATTAGG-1_2,m2,6643,1529,nb,0,0,0,0,0,0,8.498137002,FALSE,G1,0.497163121,0.45248227,0.05035461,0
TGAGCATAGTGGACGT-1_2,m2,3039,1611,nb,0,0,0,0,0,0,4.529616725,FALSE,G1,0.732919255,0.219165927,0.047914818,0
TGAGCGCAGGAAGTGA-1_2,m2,18935,4538,nb,0,0,0,0,0,0,3.46907994,FALSE,G1,0.864039409,0.126108374,0.009852217,0
TGAGGAGGTACCTGTA-1_2,m2,33776,5982,nb,0,0,0,0,0,0,3.188057309,FALSE,G1,0.642260758,0.357739242,0,0
TGAGGAGTCCCGGTAG-1_2,m2,2411,1285,nb,0,0,0,0,0,0,3.942742341,FALSE,G1,0.479012346,0.193415638,0.327572016,0
TGAGGGAGTCGTGGAA-1_2,m2,12494,4131,nb,0,0,0,0,0,0,3.119376125,FALSE,G1,0.934333959,0.064727955,0.000938086,0
TGAGGGATCTTCCCAG-1_2,m2,33326,5840,nb,0,0,0,0,0,0,2.702483363,FALSE,G1,0.912350598,0.086653386,0.000996016,0
TGAGGTTAGGAACATT-1_2,m2,23536,5676,nb,0,0,0,0,0,0,2.165872711,FALSE,G2M,0.012509773,0.243940579,0.743549648,0
TGAGGTTAGGGCAGTT-1_2,m2,2482,1520,nb,0,0,0,0,0,0,8.415233415,FALSE,G1,0.952380952,0.047619048,0,0
TGATCAGGTGAATTAG-1_2,m2,27650,5627,nb,0,0,0,0,0,0,3.644158628,FALSE,S,0.116057234,0.513513514,0.370429253,0
TGATCTTCAAATTGGA-1_2,m2,2048,1187,nb,0,0,0,0,0,0,9.019118869,FALSE,G1,0.737639553,0.138755981,0.123604466,0
TGATCTTTCCGTGCGA-1_2,m2,22384,5349,nb,0,0,0,0,0,0,2.627781786,FALSE,G1,0.924214418,0.075785582,0,0
TGATCTTTCGCTAGCG-1_2,m2,1902,1066,nb,0,0,0,0,0,0,3.801169591,FALSE,G1,0.414686825,0.326133909,0.259179266,0
TGATGCACAATAACCC-1_2,m2,32691,6056,nb,0,0,0,0,0,0,4.414257817,FALSE,G2M,0.005825243,0.051456311,0.942718447,0
TGATGCAGTCACCACG-1_2,m2,15761,4685,nb,0,0,0,0,0,0,5.192968276,FALSE,G1,0.582035928,0.417964072,0,0
TGATGCAGTCCGTTTC-1_2,m2,3120,1736,nb,0,0,0,0,0,0,4.213017751,FALSE,G1,0.841501564,0.079249218,0.079249218,0
TGATGCATCAGCGCGT-1_2,m2,22457,5445,nb,0,0,0,0,0,0,3.243227715,FALSE,G2M,0,0.073746313,0.926253687,0
TGATGGTAGAAATGGG-1_2,m2,2041,1180,nb,0,0,0,0,0,0,2.513173895,FALSE,G1,0.696774194,0.007885305,0.295340502,0
TGATGGTCACATAGCT-1_2,m2,9675,3083,nb,0,0,0,0,0,0,3.095256519,FALSE,G1,0.899819495,0.086642599,0.013537906,0
TGATGGTGTGAACCGA-1_2,m2,25023,5532,TCCAGTACTATCGTTACGAGCTACTACCG,0.080927701,1648.41635,0.045010291,3785.365437,TCCAGTACTATCGTTACGAGCTACTACCG_ET27b_M1,0.00156015,3.417906739,TRUE,G1,0.848047538,0.151952462,0,0.642599582
TGATGGTTCCGTACGG-1_2,m2,33707,5863,nb,0,0,0,0,0,0,3.001526909,FALSE,G1,0.778816199,0.221183801,0,0
TGATTCTGTTGTGCAT-1_2,m2,9072,3014,nb,0,0,0,0,0,0,3.459277918,FALSE,G1,0.698390483,0.00349895,0.298110567,0
TGATTTCAGACGGATC-1_2,m2,22263,5424,nb,0,0,0,0,0,0,3.279546446,FALSE,G1,0.7756917,0.21541502,0.008893281,0
TGATTTCGTACCGGCT-1_2,m2,16429,4890,nb,0,0,0,0,0,0,4.190521628,FALSE,G1,0.945179584,0.054820416,0,0
TGATTTCGTGGACCTC-1_2,m2,15027,4240,nb,0,0,0,0,0,0,3.818873355,FALSE,G1,0.677747626,0.322252374,0,0
TGCACGGTCCATTGGA-1_2,m2,38638,6459,nb,0,0,0,0,0,0,2.653293744,FALSE,S,0.401282051,0.255128205,0.343589744,0
TGCACGGTCCTCTCTT-1_2,m2,40755,6488,nb,0,0,0,0,0,0,2.808735201,FALSE,G2M,0.042406312,0.001972387,0.955621302,0
TGCAGATAGTTACTCG-1_2,m2,20737,5049,nb,0,0,0,0,0,0,3.168754606,FALSE,G2M,0.079731028,0.000960615,0.919308357,0
TGCAGATGTGAATTGA-1_2,m2,35604,6010,nb,0,0,0,0,0,0,2.363339782,FALSE,G1,0.659180978,0.340819022,0,0
TGCAGATTCAAGCTTG-1_2,m2,1955,938,nb,0,0,0,0,0,0,3.96640224,FALSE,G1,0.497766433,0.010210593,0.492022974,0
TGCAGGCAGCCAAGGT-1_2,m2,14033,4624,nb,0,0,0,0,0,0,4.173795588,FALSE,G1,0.762195122,0.237804878,0,0
TGCAGGCAGCTATCCA-1_2,m2,29114,6311,nb,0,0,0,0,0,0,3.425313905,FALSE,G2M,0.002824859,0.064971751,0.93220339,0
TGCAGGCAGGGCAATC-1_2,m2,11697,4296,nb,0,0,0,0,0,0,6.837871287,FALSE,G1,0.669792364,0.330207636,0,0
TGCAGGCTCGCCAGAC-1_2,m2,3321,1652,nb,0,0,0,0,0,0,5.012285012,FALSE,G1,0.818259386,0.063139932,0.118600683,0
TGCAGGCTCGTGCAGC-1_2,m2,2500,1353,nb,0,0,0,0,0,0,6.721854305,FALSE,G1,0.836411609,0.057167986,0.106420405,0
TGCAGTACACTGCGTG-1_2,m2,13517,3797,nb,0,0,0,0,0,0,4.111907045,FALSE,G1,0.798238591,0.184147318,0.017614091,0
TGCAGTAGTATGATCC-1_2,m2,55515,6773,nb,0,0,0,0,0,0,3.287374011,FALSE,S,0.339652449,0.048973144,0.611374408,0
TGCAGTATCAGCAATC-1_2,m2,22026,5430,nb,0,0,0,0,0,0,4.439956402,FALSE,G2M,0.186580882,0.010110294,0.803308824,0
TGCATCCGTAACACCT-1_2,m2,7930,3011,nb,0,0,0,0,0,0,2.014275936,FALSE,G1,0.788961039,0.080357143,0.130681818,0
TGCATGAAGTACGAGC-1_2,m2,46888,6334,nb,0,0,0,0,0,0,3.421616888,FALSE,G1,0.833653846,0.1625,0.003846154,0
TGCATGAGTTAGGACG-1_2,m2,30897,6105,nb,0,0,0,0,0,0,3.638736507,FALSE,G2M,0.027455121,0.003167899,0.96937698,0
TGCGATAGTGACCGTC-1_2,m2,11493,4208,nb,0,0,0,0,0,0,6.066510782,FALSE,G2M,0.335038363,0.006393862,0.658567775,0
TGCGGCACACTTTATC-1_2,m2,15639,4746,nb,0,0,0,0,0,0,3.694710858,FALSE,G1,0.740740741,0.259259259,0,0
TGCGGCATCCACAGGC-1_2,m2,1510,812,nb,0,0,0,0,0,0,4.057709648,FALSE,G1,0.638572513,0.015186029,0.346241458,0
TGCGGGTTCCATTGCC-1_2,m2,9553,2895,nb,0,0,0,0,0,0,5.840077695,FALSE,G1,0.616743472,0.311059908,0.072196621,0
TGCGGGTTCTAGCCTC-1_2,m2,18637,5170,TCCAGTCGTAACGATACCG,1.038934206,21162.05084,0.036875385,3101.21989,TCCAGTCGTAACGATACCG_ET27b_M1,0,3.798560072,TRUE,G1,0.940733772,0.059266228,0,0.96572313
TGCTCCACATCGGATT-1_2,m2,46143,6378,nb,0,0,0,0,0,0,2.336381481,FALSE,G2M,0.037974684,0.054085155,0.907940161,0
TGCTCGTGTGAATTAG-1_2,m2,2667,1502,nb,0,0,0,0,0,0,3.322259136,FALSE,G1,0.582901554,0.365284974,0.051813472,0
TGCTGAACAACCAACT-1_2,m2,3345,1643,nb,0,0,0,0,0,0,6.422443775,FALSE,G1,0.767657993,0.18866171,0.043680297,0
TGCTGAACACCGTACG-1_2,m2,28299,5403,nb,0,0,0,0,0,0,3.802495771,FALSE,G1,0.722137405,0.277862595,0,0
TGCTGAAGTAGAATGT-1_2,m2,34436,6110,nb,0,0,0,0,0,0,3.66217064,FALSE,S,0.204081633,0.278911565,0.517006803,0
TGCTGAAGTCGCCACA-1_2,m2,3474,1714,nb,0,0,0,0,0,0,5.513307985,FALSE,S,0.250906454,0.580130529,0.168963017,0
TGCTGAATCATTATCC-1_2,m2,12469,4430,nb,0,0,0,0,0,0,4.05190678,FALSE,G1,0.834028357,0.165971643,0,0
TGCTGAATCCTCACTG-1_2,m2,20768,5285,nb,0,0,0,0,0,0,3.816721176,FALSE,G1,0.81300813,0.18699187,0,0
TGCTTCGAGGGAGGCA-1_2,m2,37649,6607,nb,0,0,0,0,0,0,3.635428907,FALSE,G1,0.911415525,0.088584475,0,0
TGCTTGCCAAGCAGGT-1_2,m2,17258,4952,nb,0,0,0,0,0,0,7.024060785,FALSE,G2M,0.027350427,0.444444444,0.528205128,0
TGGAACTCAGTCGAGA-1_2,m2,2199,1271,nb,0,0,0,0,0,0,5.633802817,FALSE,G1,0.956862745,0.023529412,0.019607843,0
TGGAGAGGTTGCATAC-1_2,m2,34947,6309,nb,0,0,0,0,0,0,4.208346999,FALSE,G1,0.927495292,0.072504708,0,0
TGGAGGACAACTCCCT-1_2,m2,15730,4103,nb,0,0,0,0,0,0,3.445288001,FALSE,S,0.557692308,0.259615385,0.182692308,0
TGGAGGATCCCAAGTA-1_2,m2,11284,3081,nb,0,0,0,0,0,0,3.053435115,FALSE,G1,0.848176421,0.150975403,0.000848176,0
TGGAGGATCCTTCTGG-1_2,m2,15623,4810,nb,0,0,0,0,0,0,3.466969239,FALSE,G1,0.534473544,0.465526456,0,0
TGGATCACAACAGTGG-1_2,m2,5718,2630,nb,0,0,0,0,0,0,7.504665423,FALSE,G1,0.711682744,0.045016077,0.243301179,0
TGGATCATCCCTCGTA-1_2,m2,5692,2823,nb,0,0,0,0,0,0,3.796376186,FALSE,G2M,0,0.093381686,0.906618314,0
TGGATCATCGGCATAT-1_2,m2,26952,5497,nb,0,0,0,0,0,0,5.689414844,FALSE,S,0.450884086,0.472495088,0.076620825,0
TGGATCATCTCTATGT-1_2,m2,27175,5973,nb,0,0,0,0,0,0,2.921055489,FALSE,G1,0.568324757,0.431675243,0,0
TGGATGTCACTGATTG-1_2,m2,40923,6548,nb,0,0,0,0,0,0,4.613957396,FALSE,G1,0.874274662,0.125725338,0,0
TGGATGTGTAGAGCTG-1_2,m2,16187,3974,nb,0,0,0,0,0,0,2.265956486,FALSE,G2M,0.042186002,0.021093001,0.936720997,0
TGGATGTTCCATATGG-1_2,m2,9181,3560,nb,0,0,0,0,0,0,3.347816796,FALSE,G1,0.847826087,0.12944664,0.022727273,0
TGGATGTTCGGTGCAC-1_2,m2,10103,3799,nb,0,0,0,0,0,0,6.99751861,FALSE,G1,0.657462196,0.342537804,0,0
TGGATGTTCTGCGAGC-1_2,m2,53731,6890,nb,0,0,0,0,0,0,2.013268397,FALSE,G1,0.63027027,0.24,0.12972973,0
TGGCGTGCAGCAATTC-1_2,m2,35687,5820,nb,0,0,0,0,0,0,2.778862678,FALSE,G1,0.519313305,0.480686695,0,0
TGGCGTGTCAAGTCGT-1_2,m2,43009,6236,nb,0,0,0,0,0,0,2.441347344,FALSE,G1,0.577726218,0.422273782,0,0
TGGGAAGCAGAAACCG-1_2,m2,4880,2480,nb,0,0,0,0,0,0,9.972960076,FALSE,G1,0.873794917,0.125328659,0.000876424,0
TGGGAAGCAGAGTGTG-1_2,m2,1622,1051,nb,0,0,0,0,0,0,4.464285714,FALSE,G1,0.634164777,0.275888133,0.08994709,0
TGGGAAGGTAACACCT-1_2,m2,21831,5423,nb,0,0,0,0,0,0,3.391858344,FALSE,G1,0.622277536,0.377722464,0,0
TGGGATTCAAGCTCTA-1_2,m2,9549,3803,nb,0,0,0,0,0,0,6.198222624,FALSE,G2M,0,0.034749035,0.965250965,0
TGGGATTCACAATCTG-1_2,m2,26257,5964,TCCAGTTACGACTACTACCG,0.198971508,4052.85065,0.052974809,4455.181411,TCCAGTTACGACTACTACCG_ET27b_M1,0.000154612,3.167823922,TRUE,G2M,0.001727116,0.148531952,0.849740933,0.789737712
TGGGATTGTGCCGGTT-1_2,m2,25380,3656,nb,0,0,0,0,0,0,2.376209448,FALSE,G2M,0,0.293286219,0.706713781,0
TGGGATTGTGGCTTAT-1_2,m2,34246,5824,nb,0,0,0,0,0,0,3.044895004,FALSE,G1,0.690600522,0.023498695,0.285900783,0
TGGGATTTCCGTAATG-1_2,m2,18217,5457,nb,0,0,0,0,0,0,4.042053283,FALSE,G2M,0,0.036608863,0.963391137,0
TGGGATTTCTTCCTAA-1_2,m2,6695,2530,nb,0,0,0,0,0,0,2.31220032,FALSE,G1,0.824300699,0.13986014,0.035839161,0
TGGGCTGCACAGAGCA-1_2,m2,20123,5260,nb,0,0,0,0,0,0,3.238158112,FALSE,G2M,0.027290448,0.009746589,0.962962963,0
TGGGCTGGTCATCGCG-1_2,m2,23608,5318,nb,0,0,0,0,0,0,3.026385379,FALSE,G1,0.987166831,0.012833169,0,0
TGGGTTAAGAAACCCG-1_2,m2,3775,1532,nb,0,0,0,0,0,0,6.079101563,FALSE,G1,0.829205807,0.053800171,0.116994022,0
TGGGTTATCTTAGTTC-1_2,m2,3269,1646,nb,0,0,0,0,0,0,2.507029053,FALSE,G1,0.588003933,0.252704031,0.159292035,0
TGGTACACATAGTCGT-1_2,m2,2092,1180,nb,0,0,0,0,0,0,4.493628437,FALSE,G1,0.812781278,0.03690369,0.150315032,0
TGGTACATCCTAGAGT-1_2,m2,9238,3717,nb,0,0,0,0,0,0,4.376891141,FALSE,G1,0.609756098,0.390243902,0,0
TGGTAGTAGCAGGGAG-1_2,m2,10858,3849,nb,0,0,0,0,0,0,3.022843076,FALSE,G1,0.900090009,0.099909991,0,0
TGGTAGTGTGCTTATG-1_2,m2,23823,5682,nb,0,0,0,0,0,0,4.554408166,FALSE,G1,0.825531915,0.018439716,0.156028369,0
TGGTAGTTCGAGCCTG-1_2,m2,9239,3746,nb,0,0,0,0,0,0,3.634810043,FALSE,G1,0.843881857,0.156118143,0,0
TGGTGATAGATAGGGA-1_2,m2,7651,2837,nb,0,0,0,0,0,0,2.782168827,FALSE,G1,0.987166831,0.012833169,0,0
TGGTTAGCAATCGTCA-1_2,m2,41477,6500,nb,0,0,0,0,0,0,3.742622951,FALSE,G2M,0.306451613,0.032258065,0.661290323,0
TGGTTAGGTACTCCCT-1_2,m2,16107,4916,nb,0,0,0,0,0,0,4.015313796,FALSE,G1,0.533049041,0.466950959,0,0
TGTAACGAGAGGTCGT-1_2,m2,2973,1562,nb,0,0,0,0,0,0,2.454815214,FALSE,G1,0.742805755,0.039568345,0.217625899,0
TGTAACGAGGTAGCAC-1_2,m2,24757,5109,nb,0,0,0,0,0,0,3.080468725,FALSE,G2M,0.121097446,0.003784295,0.875118259,0
TGTAACGCATGACTCA-1_2,m2,41532,6350,nb,0,0,0,0,0,0,3.837738042,FALSE,G1,0.735241503,0.262075134,0.002683363,0
TGTAACGGTGTTGCCG-1_2,m2,8365,3445,nb,0,0,0,0,0,0,4.380803856,FALSE,G1,0.932835821,0.067164179,0,0
TGTAACGTCTACTGAG-1_2,m2,10717,3865,nb,0,0,0,0,0,0,5.468948035,FALSE,G1,0.514668039,0.485331961,0,0
TGTAAGCTCAGTCACA-1_2,m2,6125,2704,nb,0,0,0,0,0,0,5.856382288,FALSE,G1,0.749798224,0.166263115,0.08393866,0
TGTAAGCTCTAAGCGT-1_2,m2,13808,4432,nb,0,0,0,0,0,0,3.84331457,FALSE,G1,0.811688312,0.188311688,0,0
TGTCAGAAGTAGTCTC-1_2,m2,10638,4000,nb,0,0,0,0,0,0,4.011461318,FALSE,G1,0.610771114,0.389228886,0,0
TGTCAGAGTCACCCTT-1_2,m2,22106,4551,nb,0,0,0,0,0,0,2.72619518,FALSE,G1,0.582471089,0.417528911,0,0
TGTCAGATCCCAACTC-1_2,m2,30270,5103,nb,0,0,0,0,0,0,3.900274116,FALSE,S,0.574394464,0.112456747,0.313148789,0
TGTCAGATCTAAACGC-1_2,m2,13992,4633,nb,0,0,0,0,0,0,4.182263506,FALSE,G1,0.757002271,0.242997729,0,0
TGTCCACCACACGGTC-1_2,m2,5404,2793,nb,0,0,0,0,0,0,7.255813953,FALSE,G1,0.593613024,0.406386976,0,0
TGTCCCAGTGATCATC-1_2,m2,22650,5077,nb,0,0,0,0,0,0,4.895452007,FALSE,G1,0.731868132,0.268131868,0,0
TGTCCTGCACCAGCTG-1_2,m2,12891,4171,nb,0,0,0,0,0,0,3.304331289,FALSE,G1,0.928171642,0.055970149,0.015858209,0
TGTCCTGCAGCCCAGT-1_2,m2,1728,901,nb,0,0,0,0,0,0,6.565449323,FALSE,G1,0.431934493,0.497441146,0.07062436,0
TGTCCTGCATAACAGA-1_2,m2,21216,5324,nb,0,0,0,0,0,0,3.252708026,FALSE,G1,0.989108911,0.010891089,0,0
TGTCCTGGTTGAATCC-1_2,m2,17993,5350,nb,0,0,0,0,0,0,3.603305785,FALSE,G1,0.893655049,0.106344951,0,0
TGTGAGTGTGCGGTAA-1_2,m2,9316,3609,nb,0,0,0,0,0,0,9.931506849,FALSE,G1,0.507238883,0.492761117,0,0
TGTGATGAGCGTCAAG-1_2,m2,2551,1318,nb,0,0,0,0,0,0,4.450499546,FALSE,G1,0.368487131,0.548650345,0.082862524,0
TGTGATGAGTAAGGGA-1_2,m2,21803,5260,nb,0,0,0,0,0,0,3.662562868,FALSE,G2M,0,0,1,0
TGTGATGCAGAGTCTT-1_2,m2,15009,4972,nb,0,0,0,0,0,0,3.369469675,FALSE,S,0.271812081,0.05033557,0.677852349,0
TGTGATGCATCCGTGG-1_2,m2,5839,2247,nb,0,0,0,0,0,0,4.011540047,FALSE,G1,0.904371585,0.048269581,0.047358834,0
TGTGCGGAGACATAGT-1_2,m2,7581,3259,nb,0,0,0,0,0,0,7.100368237,FALSE,G1,0.536808168,0.463191832,0,0
TGTGCGGAGCACTGGA-1_2,m2,28473,5626,nb,0,0,0,0,0,0,2.870442203,FALSE,G1,0.988,0.012,0,0
TGTGCGGAGCCGTAAG-1_2,m2,6957,2643,nb,0,0,0,0,0,0,2.096101986,FALSE,G1,0.598061148,0.001491424,0.400447427,0
TGTGCGGTCGGACGTC-1_2,m2,11488,3466,nb,0,0,0,0,0,0,4.285714286,FALSE,G1,0.863203463,0.122077922,0.014718615,0
TGTGGCGGTAGTCGGA-1_2,m2,37585,2778,nb,0,0,0,0,0,0,2.807052595,FALSE,G1,0.93158388,0.059044049,0.009372071,0
TGTGTGATCAAGTGGG-1_2,m2,21876,5214,nb,0,0,0,0,0,0,5.848174814,FALSE,G2M,0.252437703,0.006500542,0.741061755,0
TGTTCATAGGTGGGTT-1_2,m2,17147,4947,nb,0,0,0,0,0,0,5.34588748,FALSE,G2M,0,0.276287165,0.723712835,0
TGTTCATCAGTTTGGT-1_2,m2,48007,7008,nb,0,0,0,0,0,0,4.749502298,FALSE,G2M,0.012358393,0.003089598,0.984552008,0
TGTTCATGTTCAACGT-1_2,m2,25426,5512,nb,0,0,0,0,0,0,2.902753959,FALSE,G1,0.784929356,0.215070644,0,0
TGTTCCGAGCCTCCAG-1_2,m2,27349,5541,nb,0,0,0,0,0,0,2.624691543,FALSE,G1,0.938967136,0.061032864,0,0
TGTTCCGGTAACAGTA-1_2,m2,2037,1149,nb,0,0,0,0,0,0,2.729785764,FALSE,S,0.447761194,0.030916844,0.521321962,0
TGTTCCGGTTGAGTCT-1_2,m2,29656,5748,nb,0,0,0,0,0,0,4.84691358,FALSE,G1,0.691980128,0.307310149,0.000709723,0
TGTTCTAAGCTCCATA-1_2,m2,44285,6551,nb,0,0,0,0,0,0,3.41865441,FALSE,G1,0.876696833,0.074660633,0.048642534,0
TGTTCTACAGACAATA-1_2,m2,3559,1759,nb,0,0,0,0,0,0,2.589473684,FALSE,G1,0.685017422,0.312195122,0.002787456,0
TGTTCTACAGTTGCGC-1_2,m2,1365,855,nb,0,0,0,0,0,0,8.339029392,FALSE,G1,0.513618677,0.421789883,0.06459144,0
TGTTCTATCGTTCATT-1_2,m2,22936,5783,nb,0,0,0,0,0,0,4.304665644,FALSE,G2M,0,0.0234375,0.9765625,0
TGTTGAGTCGCAATGT-1_2,m2,10353,3906,nb,0,0,0,0,0,0,9.649259548,FALSE,G2M,0.123734533,0.001124859,0.875140607,0
TGTTGGAAGCAACTCT-1_2,m2,5378,2191,nb,0,0,0,0,0,0,2.887897086,FALSE,G1,0.968054211,0.016456922,0.015488867,0
TGTTGGAGTCCATAGT-1_2,m2,10997,3923,nb,0,0,0,0,0,0,3.090470582,FALSE,G1,0.792222222,0.125555556,0.082222222,0
TGTTTGTAGGTAGTAT-1_2,m2,12588,4353,nb,0,0,0,0,0,0,3.50570114,FALSE,G1,0.956937799,0.043062201,0,0
TGTTTGTCAATCCAGT-1_2,m2,44837,6437,nb,0,0,0,0,0,0,2.897835872,FALSE,G1,0.624765478,0.375234522,0,0
TGTTTGTCACACCTTC-1_2,m2,2773,1370,nb,0,0,0,0,0,0,2.819653825,FALSE,G1,0.879484821,0.008279669,0.112235511,0
TGTTTGTCAGACGGAT-1_2,m2,39920,4772,nb,0,0,0,0,0,0,2.450872643,FALSE,G2M,0,0.011857708,0.988142292,0
TTAATCCAGATGCTAA-1_2,m2,2735,1419,nb,0,0,0,0,0,0,2.398143373,FALSE,G1,0.493472585,0.346605744,0.159921671,0
TTAATCCTCGCTACGG-1_2,m2,9096,3024,nb,0,0,0,0,0,0,2.458176852,FALSE,G1,0.904159132,0.085895118,0.00994575,0
TTACAGGAGTCATGCT-1_2,m2,893,705,nb,0,0,0,0,0,0,6.64983165,FALSE,G1,0.830172414,0.003448276,0.16637931,0
TTACAGGGTAGCGTAG-1_2,m2,19107,5052,nb,0,0,0,0,0,0,2.939750693,FALSE,G1,0.520231214,0.479768786,0,0
TTACAGGTCAACGTGT-1_2,m2,3140,1703,nb,0,0,0,0,0,0,3.568879372,FALSE,G1,0.983267717,0.01476378,0.001968504,0
TTACCATAGCCAAGCA-1_2,m2,51392,7006,nb,0,0,0,0,0,0,3.096389823,FALSE,G2M,0.007373272,0.081105991,0.911520737,0
TTACCATAGGTTCTAC-1_2,m2,20035,4980,nb,0,0,0,0,0,0,3.492085775,FALSE,G1,0.92506938,0.07493062,0,0
TTACCATGTCCAAGAG-1_2,m2,3184,1663,nb,0,0,0,0,0,0,3.804592526,FALSE,G1,0.610894942,0.375486381,0.013618677,0
TTACCATGTCGTTCAA-1_2,m2,17166,4879,nb,0,0,0,0,0,0,3.819622374,FALSE,G2M,0,0.078922934,0.921077066,0
TTACCATTCACCATGA-1_2,m2,969,732,nb,0,0,0,0,0,0,3.836317136,FALSE,S,0.108585859,0.528619529,0.362794613,0
TTACCATTCGTTAGTG-1_2,m2,16040,4856,nb,0,0,0,0,0,0,4.221384482,FALSE,G1,0.51786639,0.48213361,0,0
TTACCGCCAATAGAGT-1_2,m2,5887,2795,nb,0,0,0,0,0,0,4.356253826,FALSE,G2M,0,0.440183171,0.559816829,0
TTACCGCCAATTGCTG-1_2,m2,16540,4691,nb,0,0,0,0,0,0,2.539838597,FALSE,G1,0.765110941,0.234889059,0,0
TTACCGCCACCATATG-1_2,m2,2972,1622,nb,0,0,0,0,0,0,2.953084068,FALSE,G1,0.530131004,0.109170306,0.36069869,0
TTACCGCCACCTGCTT-1_2,m2,16410,4998,nb,0,0,0,0,0,0,3.834004068,FALSE,G1,0.882612533,0.117387467,0,0
TTACCGCTCAGAGCAG-1_2,m2,30241,6133,nb,0,0,0,0,0,0,3.264162033,FALSE,G2M,0.006507592,0.399132321,0.594360087,0
TTACGCCCAGTTGTTG-1_2,m2,15416,4689,nb,0,0,0,0,0,0,2.856673106,FALSE,G1,0.986179664,0.010858835,0.0029615,0
TTACGCCGTGACTCGC-1_2,m2,28575,5799,nb,0,0,0,0,0,0,4.734709816,FALSE,G2M,0,0.148211244,0.851788756,0
TTACGTTAGATTTGCC-1_2,m2,18198,4994,TCCAGTACTATCGTTACGACGTAGCTACTACCG,0.049926036,1016.943431,0.001191255,100.1845609,TCCAGTACTATCGTTACGACGTAGCTACTACCG_ET27b_M1,0.00144722,3.767313019,TRUE,G1,0.817661488,0.182338512,0,0.976695655
TTACGTTGTGAGTTTC-1_2,m2,2350,1350,nb,0,0,0,0,0,0,4.255319149,FALSE,G1,0.795360398,0.201325601,0.003314002,0
TTACGTTTCCAAGCAT-1_2,m2,6445,2612,nb,0,0,0,0,0,0,7.781854992,FALSE,G1,0.913761468,0.072477064,0.013761468,0
TTACTGTAGTTTCTTC-1_2,m2,24410,5793,nb,0,0,0,0,0,0,3.331282166,FALSE,G1,0.6570771,0.027617952,0.315304948,0
TTAGGCAAGTAAGGGA-1_2,m2,19170,5267,nb,0,0,0,0,0,0,4.221608198,FALSE,G2M,0,0.118613139,0.881386861,0
TTAGGGTCACTGGACC-1_2,m2,8456,3625,nb,0,0,0,0,0,0,3.601973684,FALSE,G1,0.511316872,0.488683128,0,0
TTAGGGTGTGGTCAAG-1_2,m2,5658,2325,nb,0,0,0,0,0,0,2.770539021,FALSE,G1,0.959692898,0.017274472,0.02303263,0
TTAGTCTCAACTGGTT-1_2,m2,31008,6280,nb,0,0,0,0,0,0,2.701807514,FALSE,G1,0.690514469,0.309485531,0,0
TTAGTCTTCGCCTCTA-1_2,m2,43335,6628,nb,0,0,0,0,0,0,2.838118625,FALSE,G2M,0.207724426,0.002087683,0.790187891,0
TTATTGCAGGTGCGAT-1_2,m2,15894,4927,nb,0,0,0,0,0,0,3.623156505,FALSE,G1,0.912408759,0.087591241,0,0
TTATTGCCACATATCG-1_2,m2,9141,3542,nb,0,0,0,0,0,0,8.011124069,FALSE,G2M,0.091258405,0.014409222,0.894332373,0
TTCAATCCATCTAGAC-1_2,m2,3294,1748,nb,0,0,0,0,0,0,3.350457896,FALSE,G1,0.566256831,0.327185792,0.106557377,0
TTCAATCGTCAACGCC-1_2,m2,5745,2400,nb,0,0,0,0,0,0,2.817957784,FALSE,G1,0.700842697,0.299157303,0,0
TTCAATCTCATCGACA-1_2,m2,36597,6276,nb,0,0,0,0,0,0,2.926559912,FALSE,G1,0.944287063,0.055712937,0,0
TTCAATCTCTACTTCA-1_2,m2,3233,1637,nb,0,0,0,0,0,0,2.376557453,FALSE,G1,0.460648148,0.451967593,0.087384259,0
TTCACCGGTGACTAAA-1_2,m2,43369,6631,nb,0,0,0,0,0,0,2.558561531,FALSE,G1,0.759512938,0.240487062,0,0
TTCACGCAGAAGGTAG-1_2,m2,5840,2852,nb,0,0,0,0,0,0,3.797752809,FALSE,G1,0.505070994,0.494929006,0,0
TTCACGCAGAGCAAGA-1_2,m2,21857,4897,nb,0,0,0,0,0,0,3.036828447,FALSE,G1,0.500752634,0.499247366,0,0
TTCACGCGTATACCTG-1_2,m2,23757,5596,nb,0,0,0,0,0,0,3.368219567,FALSE,G2M,0.338202247,0.048314607,0.613483146,0
TTCACGCTCATCGCAA-1_2,m2,1451,907,nb,0,0,0,0,0,0,3.989218329,FALSE,G1,0.424343942,0.554438861,0.021217197,0
TTCACGCTCTACGCGG-1_2,m2,3612,941,nb,0,0,0,0,0,0,2.048780488,FALSE,S,0.090612245,0.816326531,0.093061224,0
TTCAGGAAGTGGTTCT-1_2,m2,3016,1573,nb,0,0,0,0,0,0,3.510204082,FALSE,G1,0.753246753,0.200865801,0.045887446,0
TTCAGGACATCGCTGG-1_2,m2,10587,3271,nb,0,0,0,0,0,0,2.796014521,FALSE,G1,0.769041769,0.217854218,0.013104013,0
TTCAGGAGTCAAGCGA-1_2,m2,11479,3488,TCCACCCGACCCGGCTACTCCCG,0,0,0,0,TCCACCCGACCCGGCTACTCCCG_ET27b_M1,1.32E-08,4.58075408,TRUE,S,0.28340081,0.70242915,0.01417004,0
TTCAGGAGTTGGCTAT-1_2,m2,51955,6424,nb,0,0,0,0,0,0,2.820536455,FALSE,G2M,0.11487965,0.006564551,0.878555799,0
TTCAGGATCGTGGGTC-1_2,m2,53683,6884,nb,0,0,0,0,0,0,3.082200783,FALSE,G2M,0.010427529,0.025026069,0.964546403,0
TTCATGTCATCGGATT-1_2,m2,26628,5463,nb,0,0,0,0,0,0,3.17975175,FALSE,G1,0.673854447,0.326145553,0,0
TTCATGTTCGAACCAT-1_2,m2,4013,1912,nb,0,0,0,0,0,0,3.724539282,FALSE,G1,0.586815774,0.407298411,0.005885815,0
TTCATTGTCACTACTT-1_2,m2,32911,6190,nb,0,0,0,0,0,0,3.279749944,FALSE,S,0.191793042,0.534344335,0.273862623,0
TTCATTGTCGAACCAT-1_2,m2,9166,3152,nb,0,0,0,0,0,0,4.270870025,FALSE,G2M,0.004677268,0.069223573,0.926099158,0
TTCCAATAGGACACTG-1_2,m2,40170,5888,nb,0,0,0,0,0,0,2.81172436,FALSE,G2M,0,0.061601643,0.938398357,0
TTCCACGGTGAGTTGG-1_2,m2,13371,4199,nb,0,0,0,0,0,0,3.620094477,FALSE,G1,0.830564784,0.169435216,0,0
TTCCGGTAGCAGCCTC-1_2,m2,17083,4174,nb,0,0,0,0,0,0,2.63617961,FALSE,G2M,0,0.156962025,0.843037975,0
TTCCGGTCAGGCCCTA-1_2,m2,6822,3071,nb,0,0,0,0,0,0,3.50174216,FALSE,G1,0.865451389,0.127604167,0.006944444,0
TTCCGTGAGATGGCAC-1_2,m2,22632,5855,nb,0,0,0,0,0,0,4.200418082,FALSE,G2M,0,0.032882012,0.967117988,0
TTCCGTGTCCTCGCAT-1_2,m2,6643,2460,nb,0,0,0,0,0,0,3.256975356,FALSE,G1,0.8885918,0.046345811,0.065062389,0
TTCCTAACACTTCAAG-1_2,m2,19145,5514,nb,0,0,0,0,0,0,2.559267241,FALSE,G1,0.729385307,0.270614693,0,0
TTCCTAATCGGACCAC-1_2,m2,2304,1194,nb,0,0,0,0,0,0,3.529044347,FALSE,G1,0.458283671,0.484505364,0.057210965,0
TTCCTCTCACTGGCGT-1_2,m2,17071,4949,nb,0,0,0,0,0,0,2.715854267,FALSE,G2M,0.008806262,0.040117417,0.951076321,0
TTCCTTCGTGAATGTA-1_2,m2,16134,4137,nb,0,0,0,0,0,0,2.444563185,FALSE,G1,0.992063492,0.007936508,0,0
TTCCTTCGTGATACAA-1_2,m2,5604,2490,nb,0,0,0,0,0,0,5.338078292,FALSE,G1,0.84030743,0.149444919,0.010247652,0
TTCCTTCGTTAAGGGC-1_2,m2,17820,2718,nb,0,0,0,0,0,0,3.490065536,FALSE,G1,0.507610854,0.008603574,0.483785572,0
TTCGCTGTCGAAGTGG-1_2,m2,45743,6359,nb,0,0,0,0,0,0,3.48581533,FALSE,G1,0.933090024,0.0243309,0.042579075,0
TTCGGTCAGTAACGTA-1_2,m2,27212,5377,nb,0,0,0,0,0,0,3.205761218,FALSE,G1,0.574052813,0.425947187,0,0
TTCGGTCTCTGAGGCC-1_2,m2,10438,3943,nb,0,0,0,0,0,0,3.718535469,FALSE,G1,0.747943156,0.252056844,0,0
TTCTAACAGTGGACTG-1_2,m2,5871,2407,nb,0,0,0,0,0,0,3.248398152,FALSE,G1,0.936329588,0.058052434,0.005617978,0
TTCTAACGTATCGAAA-1_2,m2,51005,6910,nb,0,0,0,0,0,0,3.846045437,FALSE,G2M,0.019900498,0.068656716,0.911442786,0
TTCTAACGTATGAAAC-1_2,m2,970,684,nb,0,0,0,0,0,0,3.717754173,FALSE,G2M,0.015097691,0.107460036,0.877442274,0
TTCTAACGTTTGATCG-1_2,m2,1699,923,nb,0,0,0,0,0,0,7.755775578,FALSE,G2M,0.022530329,0.135181976,0.842287695,0
TTCTAACTCAAGTAAG-1_2,m2,1464,883,nb,0,0,0,0,0,0,3.212669683,FALSE,G1,0.426548673,0.522713864,0.050737463,0
TTCTAGTTCTCCGCAT-1_2,m2,3505,2010,nb,0,0,0,0,0,0,8.386187456,FALSE,G1,0.585687382,0.413684871,0.000627746,0
TTCTCTCAGCCATTGT-1_2,m2,6753,3134,nb,0,0,0,0,0,0,7.564365459,FALSE,G1,0.55157198,0.44842802,0,0
TTCTCTCGTATGGTTC-1_2,m2,6344,2468,nb,0,0,0,0,0,0,3.403377594,FALSE,G1,0.941509434,0.033018868,0.025471698,0
TTCTGTAAGAATCTAG-1_2,m2,42136,6299,nb,0,0,0,0,0,0,2.851323829,FALSE,S,0.101341282,0.207153502,0.691505216,0
TTCTGTAAGTACCGGA-1_2,m2,19721,5346,nb,0,0,0,0,0,0,2.953762655,FALSE,G1,0.592066311,0.407933689,0,0
TTCTGTATCACAAGAA-1_2,m2,5620,2696,nb,0,0,0,0,0,0,8.852165001,FALSE,G2M,0,0.005964215,0.994035785,0
TTCTTGATCCGCAACG-1_2,m2,37051,5843,nb,0,0,0,0,0,0,4.493470518,FALSE,G1,0.666222518,0.333777482,0,0
TTGAACGCAACATCGT-1_2,m2,29935,5815,nb,0,0,0,0,0,0,3.124858783,FALSE,G1,0.532017076,0.467982924,0,0
TTGAACGGTGGCAGAT-1_2,m2,2517,1337,nb,0,0,0,0,0,0,5.566600398,FALSE,S,0.162977867,0.627095909,0.209926224,0
TTGAACGTCAACGCTA-1_2,m2,37294,6044,nb,0,0,0,0,0,0,3.728692514,FALSE,G1,0.980314961,0.018700787,0.000984252,0
TTGAGTGTCAAATGAG-1_2,m2,17974,4907,nb,0,0,0,0,0,0,3.019395422,FALSE,G1,0.821192053,0.174392936,0.004415011,0
TTGCATTAGCACTAGG-1_2,m2,38354,5973,nb,0,0,0,0,0,0,4.139534884,FALSE,G1,0.631219512,0.289756098,0.07902439,0
TTGCGTCAGGGTATAT-1_2,m2,10239,3470,nb,0,0,0,0,0,0,4.327409334,FALSE,G1,0.799837925,0.055105348,0.145056726,0
TTGCGTCAGTCCGTCG-1_2,m2,7032,3121,nb,0,0,0,0,0,0,3.217468806,FALSE,G1,0.840336134,0.159663866,0,0
TTGCGTCGTTAGGAGC-1_2,m2,2271,1186,nb,0,0,0,0,0,0,2.611940299,FALSE,G1,0.532476319,0.188092016,0.279431664,0
TTGGATGGTCAAGGCA-1_2,m2,11973,4303,nb,0,0,0,0,0,0,4.090493601,FALSE,G1,0.585823081,0.414176919,0,0
TTGGATGGTCGCATTA-1_2,m2,27689,5845,nb,0,0,0,0,0,0,5.330323813,FALSE,G1,0.693962526,0.306037474,0,0
TTGGGCGAGAGGTTTA-1_2,m2,20891,5234,nb,0,0,0,0,0,0,4.811893013,FALSE,G2M,0.008256881,0.085321101,0.906422018,0
TTGGGCGGTCGGTGAA-1_2,m2,11645,4323,nb,0,0,0,0,0,0,4.352631579,FALSE,G1,0.926784059,0.073215941,0,0
TTGGGCGGTTAGCTAC-1_2,m2,32405,6480,nb,0,0,0,0,0,0,3.865582192,FALSE,G2M,0.000998004,0.001996008,0.997005988,0
TTGGGTAAGTCAAGCG-1_2,m2,4342,1927,nb,0,0,0,0,0,0,4.579995892,FALSE,G1,0.638601036,0.007124352,0.354274611,0
TTGGGTACAGGAATCG-1_2,m2,18190,5095,nb,0,0,0,0,0,0,3.726282622,FALSE,G1,0.636942675,0.363057325,0,0
TTGGGTAGTGCTGATT-1_2,m2,38418,6415,nb,0,0,0,0,0,0,3.290535326,FALSE,G2M,0.002012072,0.002012072,0.995975855,0
TTGGGTATCACCCTGT-1_2,m2,21397,5132,nb,0,0,0,0,0,0,2.955109407,FALSE,G1,0.872416891,0.127583109,0,0
TTGGTTTAGGGAGGCA-1_2,m2,2025,1160,nb,0,0,0,0,0,0,3.914327917,FALSE,G1,0.585865724,0.021908127,0.392226148,0
TTGGTTTTCAACTCTT-1_2,m2,31230,6472,nb,0,0,0,0,0,0,2.796812749,FALSE,G1,0.539173014,0.460826986,0,0
TTGTGGAAGGAGATAG-1_2,m2,34646,5928,nb,0,0,0,0,0,0,3.157733185,FALSE,G1,0.751696065,0.017639077,0.230664858,0
TTGTGGAGTCGAATGG-1_2,m2,30938,5702,nb,0,0,0,0,0,0,2.459088317,FALSE,G1,0.915750916,0.084249084,0,0
TTGTGTTAGCATTGAA-1_2,m2,5398,2721,nb,0,0,0,0,0,0,6.383507203,FALSE,G1,0.587750294,0.411660777,0.000588928,0
TTGTGTTGTTGGGTTT-1_2,m2,12219,4231,nb,0,0,0,0,0,0,3.464435146,FALSE,S,0.262924668,0.453471196,0.283604136,0
TTGTGTTTCAAGTCTG-1_2,m2,16103,4761,nb,0,0,0,0,0,0,3.951523427,FALSE,G1,0.71593367,0.28406633,0,0
TTGTTGTCACTCGATA-1_2,m2,17034,4775,nb,0,0,0,0,0,0,8.147575484,FALSE,G1,0.789889415,0.210110585,0,0
TTGTTTGCAAATTAGG-1_2,m2,7887,2798,nb,0,0,0,0,0,0,2.906799471,FALSE,G1,0.664621677,0.335378323,0,0
TTGTTTGTCCCGTTGT-1_2,m2,5807,2313,nb,0,0,0,0,0,0,5.824446267,FALSE,G1,0.703942652,0.283870968,0.01218638,0
TTTACCACAATTTCTC-1_2,m2,13019,3766,nb,0,0,0,0,0,0,4.642603474,FALSE,G1,0.984236453,0.006896552,0.008866995,0
TTTACGTAGAGGTTAT-1_2,m2,10904,4004,nb,0,0,0,0,0,0,4.96188138,FALSE,G2M,0.018147087,0.050620821,0.931232092,0
TTTACGTAGTCCCAAT-1_2,m2,32222,5796,nb,0,0,0,0,0,0,3.435139149,FALSE,G1,0.966887417,0.026490066,0.006622517,0
TTTACGTAGTGCACTT-1_2,m2,31462,5978,nb,0,0,0,0,0,0,2.591962005,FALSE,G1,0.827350427,0.168376068,0.004273504,0
TTTACGTGTCCCTAAA-1_2,m2,26825,5388,nb,0,0,0,0,0,0,3.291273742,FALSE,G1,0.967117988,0.032882012,0,0
TTTACGTTCTAGGAAA-1_2,m2,10308,3837,nb,0,0,0,0,0,0,9.797379771,FALSE,S,0.283405172,0.641163793,0.075431034,0
TTTACTGTCGTCACCT-1_2,m2,24132,5241,nb,0,0,0,0,0,0,2.439617442,FALSE,G1,0.935453695,0.064546305,0,0
TTTAGTCAGGCTGGAT-1_2,m2,11881,4065,nb,0,0,0,0,0,0,3.693801833,FALSE,G1,0.935453695,0.064546305,0,0
TTTATGCCAGGGTTGA-1_2,m2,2814,1479,nb,0,0,0,0,0,0,4.714850367,FALSE,G1,0.615769712,0.319148936,0.065081352,0
TTTATGCTCCCTCATG-1_2,m2,12329,4292,nb,0,0,0,0,0,0,3.095925569,FALSE,G1,0.803858521,0.196141479,0,0
TTTCAGTCAGCAATTC-1_2,m2,33647,6051,nb,0,0,0,0,0,0,3.346218893,FALSE,G1,0.946073794,0.053926206,0,0
TTTCAGTTCGTGCACG-1_2,m2,21125,5523,nb,0,0,0,0,0,0,4.632199861,FALSE,G2M,0.001998002,0,0.998001998,0
TTTCATGGTGCAGTGA-1_2,m2,10072,3900,nb,0,0,0,0,0,0,4.089992438,FALSE,G1,0.581775701,0.418224299,0,0
TTTCATGTCTTGGCTC-1_2,m2,21093,5310,nb,0,0,0,0,0,0,2.923373229,FALSE,G1,0.507692308,0.491758242,0.000549451,0
TTTCCTCAGTCAATCC-1_2,m2,20354,5357,nb,0,0,0,0,0,0,2.826453679,FALSE,S,0.548206278,0.43161435,0.020179372,0
TTTCCTCCACTAGGCC-1_2,m2,9500,3623,nb,0,0,0,0,0,0,2.165831582,FALSE,G1,0.636067708,0.362630208,0.001302083,0
TTTCCTCGTAGACGGT-1_2,m2,12083,4240,nb,0,0,0,0,0,0,9.049658081,FALSE,G2M,0.015794669,0.000987167,0.983218164,0
TTTCCTCGTGACGCCT-1_2,m2,2652,1359,nb,0,0,0,0,0,0,3.695042095,FALSE,G1,0.464617584,0.410293066,0.12508935,0
TTTGACTTCCCTTGGT-1_2,m2,5043,2133,nb,0,0,0,0,0,0,2.933745087,FALSE,G2M,0.046059365,0.033776868,0.920163767,0
TTTGATCTCGTTCATT-1_2,m2,23899,5655,nb,0,0,0,0,0,0,3.163097199,FALSE,G1,0.836488812,0.163511188,0,0
TTTGGAGAGCCATCCG-1_2,m2,5579,2768,nb,0,0,0,0,0,0,4.031856645,FALSE,G1,0.788932806,0.211067194,0,0
TTTGGTTGTTCTCCCA-1_2,m2,16688,4628,nb,0,0,0,0,0,0,3.390538386,FALSE,G1,0.885739593,0.114260407,0,0
TTTGTTGTCTAACGGT-1_2,m2,14343,4562,nb,0,0,0,0,0,0,3.739172281,FALSE,G1,0.696864111,0.303135889,0,0
AAAGGGCTCCCTCTTT-1_3,m3,12180,4144,TCCAGTCTACTATCGACGTAGCTACTACCG,0.010294118,514.7058824,0,0,TCCAGTCTACTATCGACGTAGCTACTACCG_JCW26_M2,0.000154438,3.669724771,TRUE,G1,0.781519186,0.218480814,0,1
AACCACAGTCGCGGTT-1_3,m3,3051,1652,TCCTCTACTATCGTTACGTAGCTACTACCG,0.263991689,13199.58447,0.093197279,4659.863946,TCCTCTACTATCGTTACGTAGCTACTACCG_JCW26_M2,0.000143861,4.68103636,TRUE,G2M,0.434969854,0.068906115,0.496124031,0.739081306
AACCATGCAACCGCCA-1_3,m3,10527,3584,nb,0,0,0,0,0,0,4.190598992,FALSE,G1,0.944287063,0.055712937,0,0
AACCTTTCATGTGGCC-1_3,m3,5449,2214,nb,0,0,0,0,0,0,3.77442936,FALSE,G1,0.637774903,0.027166882,0.335058215,0
AACGTCAGTGTATACC-1_3,m3,5504,2514,TCCAGTCCTATCGTTACGACGCTACTACCG,0.186092715,9304.635762,0.377721088,18886.05442,TCCAGTCCTATCGTTACGACGCTACTACCG_JCW26_M2,4.75E-05,5.923118571,TRUE,G1,0.706713781,0.293286219,0,0.330060587
AAGATAGAGCTGAGTG-1_3,m3,17310,4116,nb,0,0,0,0,0,0,5.295783271,FALSE,G1,0.715307582,0.284692418,0,0
AAGCGTTCAAGTGGTG-1_3,m3,7038,2381,nb,0,0,0,0,0,0,3.534195163,FALSE,G1,0.646358543,0.044817927,0.308823529,0
AAGTACCTCGCAACAT-1_3,m3,12202,3898,TCCAGCGTAGCTACTACCG,0.22215946,11107.97299,0.16122449,8061.22449,TCCAGCGTAGCTACTACCG_JCW26_M2,0,3.809089065,TRUE,G1,0.712250712,0.287749288,0,0.579469902
AATAGAGGTTGCGTAT-1_3,m3,1654,906,nb,0,0,0,0,0,0,4.816513761,FALSE,G1,0.635865309,0.015661707,0.348472984,0
ACATTTCAGTATGGAT-1_3,m3,14031,4433,TCCAGTCGTTAGCTACTACCG,0.163313206,8165.660304,0.073809524,3690.47619,TCCAGTCGTTAGCTACTACCG_JCW26_M2,0.000301336,4.74047258,TRUE,G1,0.585480094,0.414519906,0,0.688728601
ACCAACACACTCCTGT-1_3,m3,9432,3707,TCCAGTCGTTACTACTACCG,0.108862485,5443.12427,0.282482993,14124.14966,TCCAGTCGTTACTACTACCG_JCW26_M2,0.000267174,3.642831732,TRUE,G1,0.702740689,0.297259311,0,0.278174889
ACCCTTGAGTGGACTG-1_3,m3,8336,3358,TCCAGTTATCGTTACGACGTTAGCTACTACCG,0.008830022,441.5011038,0,0,TCCAGTTATCGTTACGACGTTAGCTACTACCG_JCW26_M2,9.95E-05,4.716627985,TRUE,G1,0.659630607,0.340369393,0,1
ACCTACCTCTACTGAG-1_3,m3,11882,3965,nb,0,0,0,0,0,0,5.432729697,FALSE,G2M,0.001017294,0.012207528,0.986775178,0
ACTATTCGTTAGTTCG-1_3,m3,816,576,nb,0,0,0,0,0,0,1.322199026,FALSE,G1,0.621553885,0.000835422,0.377610693,0
ACTCTCGGTACGATCT-1_3,m3,15362,4470,TCCAGTCGTTAGCTACTACCG,0.163313206,8165.660304,0.073809524,3690.47619,TCCAGTCGTTAGCTACTACCG_JCW26_M2,0.000301336,4.393296285,TRUE,G1,0.980992608,0.00844773,0.010559662,0.688728601
ACTGCAACAATACAGA-1_3,m3,13003,4123,TCCAGTCGTTACTACTACCG,0.108862485,5443.12427,0.282482993,14124.14966,TCCAGTCGTTACTACTACCG_JCW26_M2,0.000267174,4.345395406,TRUE,G1,0.950570342,0.049429658,0,0.278174889
ACTTAGGAGGACAGTC-1_3,m3,10191,3474,nb,0,0,0,0,0,0,5.096451536,FALSE,G1,0.756429652,0.243570348,0,0
ACTTCCGCAGGGAATC-1_3,m3,10299,3634,TCCAGCGTAGCTACTACCG,0.22215946,11107.97299,0.16122449,8061.22449,TCCAGCGTAGCTACTACCG_JCW26_M2,0,3.500402345,TRUE,G1,0.876424189,0.123575811,0,0.579469902
AGACCCGTCGTGCACG-1_3,m3,1123,725,nb,0,0,0,0,0,0,1.6154247,FALSE,G2M,0.379860419,0.004985045,0.615154536,0
AGAGAATTCAACTGAC-1_3,m3,6270,2830,TCCAGTCGTTACGACTACTACCG,0,0,0,0,TCCAGTCGTTACGACTACTACCG_JCW26_M2,0.000309484,4.706347637,TRUE,G1,0.630914826,0.369085174,0,0
AGAGCCCGTGCCTATA-1_3,m3,17046,4262,nb,0,0,0,0,0,0,4.158343926,FALSE,G1,0.984079602,0.014925373,0.000995025,0
AGATCGTTCCTCACGT-1_3,m3,1671,918,nb,0,0,0,0,0,0,3.225806452,FALSE,G1,0.716553288,0.006046863,0.277399849,0
AGATGAACATTGAAGA-1_3,m3,21156,4983,nb,0,0,0,0,0,0,8.696811169,FALSE,G1,0.952335558,0.047664442,0,0
AGATGCTGTCGCACAC-1_3,m3,1258,809,nb,0,0,0,0,0,0,1.283880171,FALSE,G1,0.804232804,0.026455026,0.169312169,0
AGCATCAAGCATGGGT-1_3,m3,700,518,nb,0,0,0,0,0,0,7.210401891,FALSE,G2M,0.218427323,0.004765687,0.77680699,0
AGCCAATCACAGTCCG-1_3,m3,3827,1908,TCCAGCGTAGCTACTACCG,0.22215946,11107.97299,0.16122449,8061.22449,TCCAGCGTAGCTACTACCG_JCW26_M2,0,9.329187028,TRUE,G1,0.973709834,0.026290166,0,0.579469902
AGCCAGCGTAGTGGCA-1_3,m3,20723,4802,TCCAGTATCGTAGCTACTACCG,0.156674458,7833.722893,0.153316327,7665.816327,TCCAGTATCGTAGCTACTACCG_JCW26_M2,0.000236326,5.12667236,TRUE,G2M,0.193116635,0.017208413,0.789674952,0.505416501
AGCTACAGTACCGGCT-1_3,m3,11675,3940,TCCAGCGTAGCTACTACCG,0.22215946,11107.97299,0.16122449,8061.22449,TCCAGCGTAGCTACTACCG_JCW26_M2,0,4.248653402,TRUE,G1,0.862068966,0.137931034,0,0.579469902
AGGAATAAGGTATCTC-1_3,m3,20299,4999,TCCTCTACTATCGTTACGTAGCTACTACCG,0.263991689,13199.58447,0.093197279,4659.863946,TCCTCTACTATCGTTACGTAGCTACTACCG_JCW26_M2,0.000143861,4.497494475,TRUE,G1,0.894454383,0.105545617,0,0.739081306
AGGGCCTGTGTCTCCT-1_3,m3,19416,4528,nb,0,0,0,0,0,0,4.287918871,FALSE,G2M,0.156812339,0.025706941,0.81748072,0
AGGGCCTTCTCACCCA-1_3,m3,1347,737,nb,0,0,0,0,0,0,5.535055351,FALSE,G1,0.545454545,0,0.454545455,0
AGGGCTCTCTACGGGC-1_3,m3,13917,4165,TCCAGTCTACTATCGACGTAGCTACTACCG,0.010294118,514.7058824,0,0,TCCAGTCTACTATCGACGTAGCTACTACCG_JCW26_M2,0.000154438,3.947306294,TRUE,G1,0.879507476,0.120492524,0,1
AGGGTCCTCACTCTTA-1_3,m3,17270,4560,nb,0,0,0,0,0,0,4.08220425,FALSE,G1,0.912408759,0.087591241,0,0
AGGTTGTAGTCCCTAA-1_3,m3,12188,3822,TCCTCTACTATCGTTACGTAGCTACTACCG,0.263991689,13199.58447,0.093197279,4659.863946,TCCTCTACTATCGTTACGTAGCTACTACCG_JCW26_M2,0.000143861,5.804802246,TRUE,G1,0.956022945,0.043977055,0,0.739081306
AGTACTGTCATTGAGC-1_3,m3,5416,2454,nb,0,0,0,0,0,0,5.361544782,FALSE,G1,0.884955752,0.115044248,0,0
AGTAGCTAGTATAACG-1_3,m3,13565,4346,TCCAGTCCTATCGTTACGACGCTACTACCG,0.186092715,9304.635762,0.377721088,18886.05442,TCCAGTCCTATCGTTACGACGCTACTACCG_JCW26_M2,4.75E-05,5.919557269,TRUE,G1,0.604594921,0.395405079,0,0.330060587
AGTAGCTAGTGGCGAT-1_3,m3,21558,4927,nb,0,0,0,0,0,0,4.808501356,FALSE,G2M,0.007121058,0.074262462,0.91861648,0
AGTAGCTCACTAGGCC-1_3,m3,3398,1651,nb,0,0,0,0,0,0,5.505952381,FALSE,G1,0.925541942,0.072573044,0.001885014,0
AGTGTTGAGAATAGTC-1_3,m3,11358,3168,nb,0,0,0,0,0,0,4.152059597,FALSE,G1,0.947867299,0.052132701,0,0
AGTTAGCAGACCCTTA-1_3,m3,17777,4477,TCCAGCGTAGCTACTACCG,0.22215946,11107.97299,0.16122449,8061.22449,TCCAGCGTAGCTACTACCG_JCW26_M2,0,3.716428387,TRUE,G1,0.96562184,0.032355915,0.002022245,0.579469902
ATACCGACACGAGAAC-1_3,m3,21164,4581,nb,0,0,0,0,0,0,6.138261726,FALSE,G1,0.679347826,0.319293478,0.001358696,0
ATACCTTAGAAGATCT-1_3,m3,3088,1729,TCCAGTCCTATCGTTACGACGCTACTACCG,0.186092715,9304.635762,0.377721088,18886.05442,TCCAGTCCTATCGTTACGACGCTACTACCG_JCW26_M2,4.75E-05,2.271859488,TRUE,G1,0.809562399,0.190437601,0,0.330060587
ATAGAGATCATCCCGT-1_3,m3,10301,3485,TCCAGTCGTTACTACTACCG,0.108862485,5443.12427,0.282482993,14124.14966,TCCAGTCGTTACTACTACCG_JCW26_M2,0.000267174,3.10391363,TRUE,G1,0.846740051,0.153259949,0,0.278174889
ATATCCTTCTCCGTGT-1_3,m3,16473,4963,TCCAGTACTATCGTTACGAGCTACTACCG,0.025749903,1287.495131,0.035629252,1781.462585,TCCAGTACTATCGTTACGAGCTACTACCG_JCW26_M2,0.00156015,3.607778989,TRUE,G2M,0.002697842,0.110611511,0.886690647,0.419521953
ATCACTTGTCTGTTAG-1_3,m3,13190,4286,TCCAGTATCGTAGCTACTACCG,0.156674458,7833.722893,0.153316327,7665.816327,TCCAGTATCGTAGCTACTACCG_JCW26_M2,0.000236326,2.838889175,TRUE,G1,0.649122807,0.350877193,0,0.505416501
ATCCACCGTGGCTTAT-1_3,m3,13565,3634,TCCACTACTATCGTTACGACGTAGCTACTACCG,0.075032463,3751.623166,0.032823129,1641.156463,TCCACTACTATCGTTACGACGTAGCTACTACCG_JCW26_M2,0.00287375,4.326525794,TRUE,G2M,0.312335958,0.006124234,0.681539808,0.695675223
ATCCGTCAGATAGTGT-1_3,m3,6897,2992,TCCAGTCTACTATCGACGTAGCTACTACCG,0.010294118,514.7058824,0,0,TCCAGTCTACTATCGACGTAGCTACTACCG_JCW26_M2,0.000154438,4.613028201,TRUE,G1,0.74906367,0.25093633,0,1
ATCGTAGCACAAAGTA-1_3,m3,4708,2265,nb,0,0,0,0,0,0,5.648732054,FALSE,G1,0.906618314,0.093381686,0,0
ATTACTCCAAGGTCGA-1_3,m3,15952,4588,TCCTCTACTATCGTTACGTAGCTACTACCG,0.263991689,13199.58447,0.093197279,4659.863946,TCCTCTACTATCGTTACGTAGCTACTACCG_JCW26_M2,0.000143861,5.127335904,TRUE,G1,0.934579439,0.065420561,0,0.739081306
ATTCAGGCAGTCGGAA-1_3,m3,5474,2651,TCCAGTCTACTATCGACGTAGCTACTACCG,0.010294118,514.7058824,0,0,TCCAGTCTACTATCGACGTAGCTACTACCG_JCW26_M2,0.000154438,4.331668796,TRUE,G1,0.674308833,0.325691167,0,1
ATTCAGGTCACTTGGA-1_3,m3,9271,3400,TCCAGCGTAGCTACTACCG,0.22215946,11107.97299,0.16122449,8061.22449,TCCAGCGTAGCTACTACCG_JCW26_M2,0,3.815748522,TRUE,G1,0.967117988,0.032882012,0,0.579469902
ATTCCTACACGTGTGC-1_3,m3,17092,4654,TCCAGTATCGTAGCTACTACCG,0.156674458,7833.722893,0.153316327,7665.816327,TCCAGTATCGTAGCTACTACCG_JCW26_M2,0.000236326,4.107437367,TRUE,G2M,0,0.257277734,0.742722266,0.505416501
CAACCTCAGGAGGCAG-1_3,m3,19095,4653,nb,0,0,0,0,0,0,4.818803811,FALSE,G2M,0.005946482,0.025768087,0.968285431,0
CAACGGCTCCCATTTA-1_3,m3,26431,4877,nb,0,0,0,0,0,0,5.478406837,FALSE,G1,0.935332709,0.064667291,0,0
CACATGACAACTGCCG-1_3,m3,23891,5149,TCCTCTACTATCGTTACGTAGCTACTACCG,0.263991689,13199.58447,0.093197279,4659.863946,TCCTCTACTATCGTTACGTAGCTACTACCG_JCW26_M2,0.000143861,6.656739949,TRUE,G1,0.988988989,0.005005005,0.006006006,0.739081306
CACGTGGCAATTGCTG-1_3,m3,6122,2752,nb,0,0,0,0,0,0,5.396643783,FALSE,G1,0.861326443,0.138673557,0,0
CACTGGGAGCAACTTC-1_3,m3,19637,4597,TCCAGCGTAGCTACTACCG,0.22215946,11107.97299,0.16122449,8061.22449,TCCAGCGTAGCTACTACCG_JCW26_M2,0,4.160967075,TRUE,G1,0.656953642,0.343046358,0,0.579469902
CAGAGCCAGGGTACGT-1_3,m3,5809,2760,TCCAGTATCGTAGCTACTACCG,0.156674458,7833.722893,0.153316327,7665.816327,TCCAGTATCGTAGCTACTACCG_JCW26_M2,0.000236326,4.920389208,TRUE,G1,0.7390983,0.2609017,0,0.505416501
CAGATACGTAGTTACC-1_3,m3,3247,1664,TCCAGTCGTTACGAGCTACTACCG,0.051496559,2574.827944,0.085459184,4272.959184,TCCAGTCGTTACGAGCTACTACCG_JCW26_M2,0.00030996,4.898427261,TRUE,G1,0.7390983,0.2609017,0,0.376008759
CAGATACTCCACACCT-1_3,m3,8523,3424,nb,0,0,0,0,0,0,6.123925098,FALSE,G1,0.804505229,0.195494771,0,0
CAGCCAGGTCTAACGT-1_3,m3,20336,4934,TCCAGCGTAGCTACTACCG,0.22215946,11107.97299,0.16122449,8061.22449,TCCAGCGTAGCTACTACCG_JCW26_M2,0,4.047885076,TRUE,G2M,0.000985222,0.015763547,0.983251232,0.579469902
CAGCCAGTCTCTCGAC-1_3,m3,22473,5274,TCCAGCGTAGCTACTACCG,0.22215946,11107.97299,0.16122449,8061.22449,TCCAGCGTAGCTACTACCG_JCW26_M2,0,5.012659851,TRUE,G2M,0.00810537,0.002026342,0.989868288,0.579469902
CAGCGTGGTCACTGAT-1_3,m3,6703,2911,TCCAGTCGTTACTACTACCG,0.108862485,5443.12427,0.282482993,14124.14966,TCCAGTCGTTACTACTACCG_JCW26_M2,0.000267174,3.703358209,TRUE,G1,0.655737705,0.344262295,0,0.278174889
CATAAGCTCCTGGGTG-1_3,m3,18249,4840,TCCAGTATCGTAGCTACTACCG,0.156674458,7833.722893,0.153316327,7665.816327,TCCAGTATCGTAGCTACTACCG_JCW26_M2,0.000236326,3.83582933,TRUE,G1,0.933706816,0.066293184,0,0.505416501
CATCAAGAGGGTCAAC-1_3,m3,5602,2369,nb,0,0,0,0,0,0,3.837209302,FALSE,G1,0.653225806,0.217069892,0.129704301,0
CATCGGGCAATAGTGA-1_3,m3,10699,3696,nb,0,0,0,0,0,0,2.986071851,FALSE,G1,0.834724541,0.165275459,0,0
CATCGGGTCGAATGCT-1_3,m3,16584,4331,nb,0,0,0,0,0,0,4.952510176,FALSE,G1,0.789265983,0.210734017,0,0
CATGCCTCAAGCGCAA-1_3,m3,1188,747,nb,0,0,0,0,0,0,6.279434851,FALSE,G1,0.505747126,0.042440318,0.451812555,0
CATTCTAGTAGCTTTG-1_3,m3,17901,3039,nb,0,0,0,0,0,0,1.576737995,FALSE,G1,0.700348432,0.045296167,0.254355401,0
CCAAGCGAGACCAACG-1_3,m3,8453,3184,TCCAGTCCTATCGTTACGACGCTACTACCG,0.186092715,9304.635762,0.377721088,18886.05442,TCCAGTCCTATCGTTACGACGCTACTACCG_JCW26_M2,4.75E-05,4.422745549,TRUE,G1,0.948766603,0.05028463,0.000948767,0.330060587
CCAATTTGTACCCACG-1_3,m3,6575,2493,nb,0,0,0,0,0,0,8.440445587,FALSE,G1,0.937089202,0.061032864,0.001877934,0
CCACAAAAGTTTCGGT-1_3,m3,1984,1048,nb,0,0,0,0,0,0,6.531440162,FALSE,G1,0.571323529,0.034558824,0.394117647,0
CCATAAGAGGGAGGTG-1_3,m3,8632,3122,nb,0,0,0,0,0,0,7.637070836,FALSE,G1,0.983284169,0.004916421,0.01179941,0
CCCAACTAGACCTCCG-1_3,m3,1014,689,nb,0,0,0,0,0,0,1.224739743,FALSE,G2M,0.275181724,0.00623053,0.718587747,0
CCCGAAGCACATACGT-1_3,m3,8262,3295,nb,0,0,0,0,0,0,5.396104847,FALSE,G1,0.701262272,0.298737728,0,0
CCCTGATAGCGAGTAC-1_3,m3,17169,2801,nb,0,0,0,0,0,0,1.583877079,FALSE,G2M,0.222936763,0.088960343,0.688102894,0
CCGAACGTCCTACCAC-1_3,m3,13346,4262,TCCAGTCGTTACTACTACCG,0.108862485,5443.12427,0.282482993,14124.14966,TCCAGTCGTTACTACTACCG_JCW26_M2,0.000267174,4.142368791,TRUE,G1,0.896718147,0.065637066,0.037644788,0.278174889
CCGATCTTCGAGCACC-1_3,m3,6569,2891,TCCTCTACTATCGTTACGTAGCTACTACCG,0.263991689,13199.58447,0.093197279,4659.863946,TCCTCTACTATCGTTACGTAGCTACTACCG_JCW26_M2,0.000143861,4.000378286,TRUE,G1,0.966183575,0.031884058,0.001932367,0.739081306
CCGGACACAAGGATGC-1_3,m3,1299,831,nb,0,0,0,0,0,0,1.23119015,FALSE,G1,0.58974359,0.011396011,0.398860399,0
CCGTGAGAGTTTCGGT-1_3,m3,3992,2064,TCCAGTCTACTATCGTTATACCG,0,0,0,0,TCCAGTCTACTATCGTTATACCG_JCW26_M2,0.000624158,4.886293792,TRUE,G1,0.664010624,0.335989376,0,0
CCTCACACATCGCTCT-1_3,m3,13945,4453,TCCAGTCCTATCGTTACGACGCTACTACCG,0.186092715,9304.635762,0.377721088,18886.05442,TCCAGTCCTATCGTTACGACGCTACTACCG_JCW26_M2,4.75E-05,2.656902784,TRUE,G2M,0,0.034782609,0.965217391,0.330060587
CCTCCTCAGGTAACTA-1_3,m3,9807,3467,TCCTCTACTATCGTTACGTAGCTACTACCG,0.263991689,13199.58447,0.093197279,4659.863946,TCCTCTACTATCGTTACGTAGCTACTACCG_JCW26_M2,0.000143861,4.004442122,TRUE,G1,0.914076782,0.085923218,0,0.739081306
CCTTCAGGTCGAACGA-1_3,m3,9313,3516,nb,0,0,0,0,0,0,4.434499593,FALSE,G1,0.962463908,0.037536092,0,0
CGAAGGATCCGGTTCT-1_3,m3,21817,5277,nb,0,0,0,0,0,0,3.916211293,FALSE,G2M,0.022944551,0.034416826,0.942638623,0
CGAAGTTTCTCTCTAA-1_3,m3,8496,3360,TCCACTACTATCGTTACGACGTAGCTACTACCG,0.075032463,3751.623166,0.032823129,1641.156463,TCCACTACTATCGTTACGACGTAGCTACTACCG_JCW26_M2,0.00287375,4.362441174,TRUE,G1,0.805801773,0.191780822,0.002417405,0.695675223
CGAGAAGGTCTTTCAT-1_3,m3,17497,4859,TCCAGTCCTATCGTTACGACGCTACTACCG,0.186092715,9304.635762,0.377721088,18886.05442,TCCAGTCCTATCGTTACGACGCTACTACCG_JCW26_M2,4.75E-05,5.418899172,TRUE,G2M,0,0.001996008,0.998003992,0.330060587
CGATCGGTCCGCCTAT-1_3,m3,14768,2055,nb,0,0,0,0,0,0,1.082373671,FALSE,G1,0.875123885,0.078295342,0.046580773,0
CGATGCGCACGCGGTT-1_3,m3,16375,4265,nb,0,0,0,0,0,0,4.751429828,FALSE,S,0.391304348,0.057971014,0.550724638,0
CGCAGGTTCACGGTCG-1_3,m3,6155,2583,nb,0,0,0,0,0,0,5.555555556,FALSE,G1,0.841042893,0.158957107,0,0
CGCATGGCACGAGGAT-1_3,m3,22045,4907,nb,0,0,0,0,0,0,4.829116733,FALSE,G1,0.888589398,0.109613657,0.001796945,0
CGCCATTAGAATCGCG-1_3,m3,5660,2419,nb,0,0,0,0,0,0,4.46969697,FALSE,G1,0.645015106,0.033232628,0.321752266,0
CGCGTGACAGGAGGTT-1_3,m3,1222,782,nb,0,0,0,0,0,0,1.046124584,FALSE,G1,0.929292929,0.053872054,0.016835017,0
CGGGTCAAGGCCTGCT-1_3,m3,23423,5240,TCCAGTCGTTAGCTACTACCG,0.163313206,8165.660304,0.073809524,3690.47619,TCCAGTCGTTAGCTACTACCG_JCW26_M2,0.000301336,3.459110675,TRUE,G1,0.705308776,0.292524377,0.002166847,0.688728601
CGGGTGTGTACAGAGC-1_3,m3,5559,2552,TCCAGTACTATCGTTATACCG,0.066218673,3310.933645,0.14047619,7023.809524,TCCAGTACTATCGTTATACCG_JCW26_M2,0.000107725,6.919717837,TRUE,G1,0.768049155,0.231950845,0,0.320369225
CGTCAAAAGCGCAATG-1_3,m3,12584,4025,nb,0,0,0,0,0,0,4.466038971,FALSE,G1,0.78125,0.21875,0,0
CGTCAAATCCAAGGGA-1_3,m3,8185,3322,nb,0,0,0,0,0,0,5.241513384,FALSE,G1,0.78972332,0.21027668,0,0
CGTGCTTTCAAAGGAT-1_3,m3,12378,4077,TCCAGTCCTATCGTTACGACGCTACTACCG,0.186092715,9304.635762,0.377721088,18886.05442,TCCAGTCCTATCGTTACGACGCTACTACCG_JCW26_M2,4.75E-05,4.042262405,TRUE,G1,0.814332248,0.185667752,0,0.330060587
CGTGTCTAGGCTCTCG-1_3,m3,5423,2510,nb,0,0,0,0,0,0,6.742250633,FALSE,G1,0.603625378,0.396374622,0,0
CGTGTCTCAATGAGCG-1_3,m3,13492,3896,TCCTCTACTATCGTTACGTAGCTACTACCG,0.263991689,13199.58447,0.093197279,4659.863946,TCCTCTACTATCGTTACGTAGCTACTACCG_JCW26_M2,0.000143861,4.840915307,TRUE,G1,0.958805355,0.028836251,0.012358393,0.739081306
CGTGTCTCATTACGGT-1_3,m3,5081,2418,TCCACTATCGTTACTACTACCG,0,0,0,0,TCCACTATCGTTACTACTACCG_JCW26_M2,0.000254506,5.470852018,TRUE,G1,0.554384018,0.445615982,0,0
CGTTAGAGTGTCTTGA-1_3,m3,15767,4701,TCCTCTACTATCGTTACGTAGCTACTACCG,0.263991689,13199.58447,0.093197279,4659.863946,TCCTCTACTATCGTTACGTAGCTACTACCG_JCW26_M2,0.000143861,4.908993096,TRUE,G2M,0,0.124452235,0.875547765,0.739081306
CTACAGAGTACGTGTT-1_3,m3,9699,3407,nb,0,0,0,0,0,0,4.175008833,FALSE,G1,0.947867299,0.052132701,0,0
CTAGACATCTTTACAC-1_3,m3,21145,5158,TCCAGTCCTATCGTTACGACGCTACTACCG,0.186092715,9304.635762,0.377721088,18886.05442,TCCAGTCCTATCGTTACGACGCTACTACCG_JCW26_M2,4.75E-05,3.70958336,TRUE,G1,0.762830482,0.237169518,0,0.330060587
CTCAGGGGTCCCTCAT-1_3,m3,5841,2677,TCCAGTCGTTACTACTACCG,0.108862485,5443.12427,0.282482993,14124.14966,TCCAGTCGTTACTACTACCG_JCW26_M2,0.000267174,4.37939895,TRUE,G1,0.783085356,0.216914644,0,0.278174889
CTCAGTCGTTAGGCTT-1_3,m3,7409,2961,nb,0,0,0,0,0,0,7.820213042,FALSE,G1,0.971817298,0.028182702,0,0
CTCATCGCATGTCGTA-1_3,m3,7237,2520,nb,0,0,0,0,0,0,4.333541927,FALSE,G1,0.713775874,0.286224126,0,0
CTCATGCGTCCTTTGC-1_3,m3,21668,4756,nb,0,0,0,0,0,0,4.514406359,FALSE,G1,0.989087302,0.010912698,0,0
CTCCCTCAGTAGTCCT-1_3,m3,24244,3642,nb,0,0,0,0,0,0,1.643119194,FALSE,G2M,0.000938086,0.06097561,0.938086304,0
CTCCTTTTCTACTCAT-1_3,m3,9037,3177,TCCTCTACTATCGTTACGTAGCTACTACCG,0.263991689,13199.58447,0.093197279,4659.863946,TCCTCTACTATCGTTACGTAGCTACTACCG_JCW26_M2,0.000143861,3.673700075,TRUE,G1,0.941619586,0.058380414,0,0.739081306
CTGGTCTAGCTAATCC-1_3,m3,19738,5229,TCCAGTATCGTAGCTACTACCG,0.156674458,7833.722893,0.153316327,7665.816327,TCCAGTATCGTAGCTACTACCG_JCW26_M2,0.000236326,3.255897713,TRUE,G2M,0,0.009940358,0.990059642,0.505416501
CTGTATTCACTAAACC-1_3,m3,6701,2468,nb,0,0,0,0,0,0,4.344737777,FALSE,G1,0.54244763,0.003858875,0.453693495,0
CTTCGGTGTCAGTTTG-1_3,m3,18933,4623,TCCAGTATCGTAGCTACTACCG,0.156674458,7833.722893,0.153316327,7665.816327,TCCAGTATCGTAGCTACTACCG_JCW26_M2,0.000236326,3.713481169,TRUE,G1,0.972420838,0.026557712,0.00102145,0.505416501
CTTTCAACAAAGGGCT-1_3,m3,6709,2839,TCCAGTAGCTACTATCGTTATACCG,0,0,0,0,TCCAGTAGCTACTATCGTTATACCG_JCW26_M2,0.000100374,4.607743953,TRUE,G1,0.674608577,0.325391423,0,0
CTTTCGGTCCCTATTA-1_3,m3,2395,821,nb,0,0,0,0,0,0,3.591470258,FALSE,G2M,0.406976744,0.109302326,0.48372093,0
GAACACTTCAAACGAA-1_3,m3,6834,2942,TCCAGTCTACTATCGACGTAGCTACTACCG,0.010294118,514.7058824,0,0,TCCAGTCTACTATCGACGTAGCTACTACCG_JCW26_M2,0.000154438,3.366126543,TRUE,G1,0.838926174,0.161073826,0,1
GAACTGTTCGTTGCCT-1_3,m3,6706,2911,TCCTCTACTATCGTTACGTAGCTACTACCG,0.263991689,13199.58447,0.093197279,4659.863946,TCCTCTACTATCGTTACGTAGCTACTACCG_JCW26_M2,0.000143861,4.171907757,TRUE,G2M,0.100358423,0.079749104,0.819892473,0.739081306
GAAGCGATCTCCCAAC-1_3,m3,9026,3113,TCCTCTACTATCGTTACGTAGCTACTACCG,0.263991689,13199.58447,0.093197279,4659.863946,TCCTCTACTATCGTTACGTAGCTACTACCG_JCW26_M2,0.000143861,4.546885824,TRUE,G1,0.860344828,0.139655172,0,0.739081306
GAATAGAGTTCAGCTA-1_3,m3,10516,3768,TCCAGTCGTTACGACGTAGCTACTACCG,0.129457213,6472.860667,0.125085034,6254.251701,TCCAGTCGTTACGACGTAGCTACTACCG_JCW26_M2,0.00093992,4.705155912,TRUE,G1,0.79491256,0.20508744,0,0.508588317
GAATAGATCGTAACTG-1_3,m3,12419,4075,nb,0,0,0,0,0,0,2.98800552,FALSE,G2M,0.026540284,0.097630332,0.875829384,0
GACAGCCGTGGGTTGA-1_3,m3,17609,4661,nb,0,0,0,0,0,0,4.435640488,FALSE,G1,0.852441614,0.142250531,0.005307856,0
GACCGTGAGCTCCCTT-1_3,m3,3376,608,nb,0,0,0,0,0,0,2.413350449,FALSE,G2M,0.489542484,0,0.510457516,0
GACTATGCAATCGAAA-1_3,m3,2571,1307,nb,0,0,0,0,0,0,5.164602839,FALSE,G1,0.733486943,0.22734255,0.039170507,0
GAGATGGAGCTGACCC-1_3,m3,9282,3368,TCCAGCGTAGCTACTACCG,0.22215946,11107.97299,0.16122449,8061.22449,TCCAGCGTAGCTACTACCG_JCW26_M2,0,3.872185344,TRUE,G1,0.971817298,0.028182702,0,0.579469902
GAGTGTTCAAGCTACT-1_3,m3,12249,3845,TCCAGCGTAGCTACTACCG,0.22215946,11107.97299,0.16122449,8061.22449,TCCAGCGTAGCTACTACCG_JCW26_M2,0,4.318904378,TRUE,G1,0.972762646,0.027237354,0,0.579469902
GAGTGTTGTAGTTACC-1_3,m3,20701,5049,TCCTCTACTATCGTTACGTAGCTACTACCG,0.263991689,13199.58447,0.093197279,4659.863946,TCCTCTACTATCGTTACGTAGCTACTACCG_JCW26_M2,0.000143861,4.914469332,TRUE,G2M,0.005964215,0,0.994035785,0.739081306
GAGTTGTCAACAGCTT-1_3,m3,19342,4478,nb,0,0,0,0,0,0,5.097431501,FALSE,G1,0.924708378,0.066808059,0.008483563,0
GAGTTTGGTCCCGTGA-1_3,m3,19755,4581,nb,0,0,0,0,0,0,4.483322433,FALSE,G1,0.921780987,0.056558363,0.02166065,0
GATCATGTCATCGCCT-1_3,m3,9296,3486,nb,0,0,0,0,0,0,5.027682179,FALSE,G1,0.812347685,0.187652315,0,0
GATCGTACAAACTAGA-1_3,m3,17252,4797,TCCAGTCCTATCGTTACGACGCTACTACCG,0.186092715,9304.635762,0.377721088,18886.05442,TCCAGTCCTATCGTTACGACGCTACTACCG_JCW26_M2,4.75E-05,3.960203645,TRUE,G1,0.635285397,0.360266864,0.004447739,0.330060587
GATCGTAGTAAGCGGT-1_3,m3,11463,3890,TCCAGTACTATCGTAGCTACTACCG,0,0,0,0,TCCAGTACTATCGTAGCTACTACCG_JCW26_M2,0.000494263,3.968707172,TRUE,G1,0.859845228,0.140154772,0,0
GATGAGGAGTCTAGCT-1_3,m3,24152,4551,nb,0,0,0,0,0,0,4.949748067,FALSE,G1,0.665333333,0.334666667,0,0
GATGATCCAACCACAT-1_3,m3,22229,3272,nb,0,0,0,0,0,0,2.317894143,FALSE,G2M,0,0.000999001,0.999000999,0
GCAGCCATCCGCAGTG-1_3,m3,16195,4445,nb,0,0,0,0,0,0,4.511248416,FALSE,G1,0.662251656,0.337748344,0,0
GCATTAGCAGAGATGC-1_3,m3,7813,3211,TCCAGTTATCGTTACGACGTTAGCTACTACCG,0.008830022,441.5011038,0,0,TCCAGTTATCGTTACGACGTTAGCTACTACCG_JCW26_M2,9.95E-05,5.157732544,TRUE,G1,0.846023689,0.153976311,0,1
GCCAACGTCGTTAGTG-1_3,m3,4544,2194,TCCAGATCTACTATCGTTATACCG,0,0,0,0,TCCAGATCTACTATCGTTATACCG_JCW26_M2,4.10E-05,6.846289753,TRUE,G1,0.838790932,0.160369437,0.000839631,0
GCCTGTTCAGCTGTTA-1_3,m3,3350,1104,nb,0,0,0,0,0,0,3.464403257,FALSE,G1,0.754573171,0,0.245426829,0
GCGGAAATCGTTAGTG-1_3,m3,8329,3135,TCCAGTCCTATCGTTACGACGCTACTACCG,0.186092715,9304.635762,0.377721088,18886.05442,TCCAGTCCTATCGTTACGACGCTACTACCG_JCW26_M2,4.75E-05,5.812548852,TRUE,G1,0.729927007,0.270072993,0,0.330060587
GCGTTTCAGGGAGGTG-1_3,m3,22111,5247,TCCAGTCCTATCGTTACGACGCTACTACCG,0.186092715,9304.635762,0.377721088,18886.05442,TCCAGTCCTATCGTTACGACGCTACTACCG_JCW26_M2,4.75E-05,5.224968032,TRUE,G2M,0.010040161,0.012048193,0.977911647,0.330060587
GCTGCAGCATATCGGT-1_3,m3,5897,2619,nb,0,0,0,0,0,0,4.29526749,FALSE,G1,0.955109838,0.044890162,0,0
GGAAGTGAGCTGCGAA-1_3,m3,3539,1706,nb,0,0,0,0,0,0,4.360616024,FALSE,G1,0.751371115,0.23308958,0.015539305,0
GGAAGTGAGTTGCGCC-1_3,m3,6679,2866,TCCAGTCGTTAGCTACTACCG,0.163313206,8165.660304,0.073809524,3690.47619,TCCAGTCGTTAGCTACTACCG_JCW26_M2,0.000301336,5.195632393,TRUE,G1,0.772870662,0.22555205,0.001577287,0.688728601
GGAAGTGTCGGACTGC-1_3,m3,26444,5183,nb,0,0,0,0,0,0,5.546513084,FALSE,G1,0.808022923,0.1165234,0.075453677,0
GGAGAACCACGGGCTT-1_3,m3,18935,4335,nb,0,0,0,0,0,0,4.411905141,FALSE,G1,0.768867925,0.231132075,0,0
GGAGGATGTAGCCCTG-1_3,m3,3177,1700,TCCAGTCCTATCGTTACGACGCTACTACCG,0.186092715,9304.635762,0.377721088,18886.05442,TCCAGTCCTATCGTTACGACGCTACTACCG_JCW26_M2,4.75E-05,5.216950869,TRUE,G1,0.873362445,0.125764192,0.000873362,0.330060587
GGCACGTTCATTGAGC-1_3,m3,9115,3241,nb,0,0,0,0,0,0,6.236620522,FALSE,G1,0.5449069,0.4550931,0,0
GGCGTCAGTCCAGCAC-1_3,m3,10122,3602,TCCAGTATCGTAGCTACTACCG,0.156674458,7833.722893,0.153316327,7665.816327,TCCAGTATCGTAGCTACTACCG_JCW26_M2,0.000236326,6.031559729,TRUE,G1,0.775193798,0.224031008,0.000775194,0.505416501
GGCTTTCGTCCGATCG-1_3,m3,21366,4760,nb,0,0,0,0,0,0,6.413621374,FALSE,G1,0.768608414,0.229773463,0.001618123,0
GGGAAGTAGTACAGAT-1_3,m3,20119,4786,TCCAGCGTAGCTACTACCG,0.22215946,11107.97299,0.16122449,8061.22449,TCCAGCGTAGCTACTACCG_JCW26_M2,0,4.704318506,TRUE,G1,0.901394422,0.098605578,0,0.579469902
GGGAGATCAGCAGTCC-1_3,m3,11816,3456,nb,0,0,0,0,0,0,2.615223679,FALSE,G1,0.647465438,0.349462366,0.003072197,0
GGGAGTACAGTCTGGC-1_3,m3,10341,3709,TCCAGCGTAGCTACTACCG,0.22215946,11107.97299,0.16122449,8061.22449,TCCAGCGTAGCTACTACCG_JCW26_M2,0,4.146178595,TRUE,G1,0.884173298,0.115826702,0,0.579469902
GGGAGTAGTACCGGAA-1_3,m3,15414,4407,TCCAGCGTAGCTACTACCG,0.22215946,11107.97299,0.16122449,8061.22449,TCCAGCGTAGCTACTACCG_JCW26_M2,0,4.160142198,TRUE,G1,0.763580719,0.236419281,0,0.579469902
GGGATGAAGCTACGTT-1_3,m3,6973,2810,nb,0,0,0,0,0,0,5.267680674,FALSE,G1,0.956937799,0.042105263,0.000956938,0
GGGTAGAAGAGCAGTC-1_3,m3,8691,3328,TCCAGTCCTATCGTTACGACGCTACTACCG,0.186092715,9304.635762,0.377721088,18886.05442,TCCAGTCCTATCGTTACGACGCTACTACCG_JCW26_M2,4.75E-05,5.928824016,TRUE,G1,0.539135194,0.460864806,0,0.330060587
GGGTAGATCAAGTGTC-1_3,m3,19753,4512,TCCAGCGTAGCTACTACCG,0.22215946,11107.97299,0.16122449,8061.22449,TCCAGCGTAGCTACTACCG_JCW26_M2,0,3.789439268,TRUE,S,0.047904192,0.129740519,0.822355289,0.579469902
GGGTCACCAACGATTC-1_3,m3,20829,4515,nb,0,0,0,0,0,0,3.229490062,FALSE,G2M,0.090740741,0.002777778,0.906481481,0
GGGTGAAAGGGCGAGA-1_3,m3,14049,4199,TCCAGTCCTATCGTTACGACGCTACTACCG,0.186092715,9304.635762,0.377721088,18886.05442,TCCAGTCCTATCGTTACGACGCTACTACCG_JCW26_M2,4.75E-05,6.075829384,TRUE,G2M,0.030837004,0.122246696,0.8469163,0.330060587
GGGTGAAGTAGACAAT-1_3,m3,6116,2337,nb,0,0,0,0,0,0,2.201770736,FALSE,G1,0.608327912,0.089134678,0.302537411,0
GGGTGTCTCGAACCTA-1_3,m3,2715,1395,nb,0,0,0,0,0,0,5.908731205,FALSE,G1,0.581465778,0.417928528,0.000605694,0
GGGTTATAGGTGGTTG-1_3,m3,8889,3615,TCCAGTCCTATCGTTACGACGCTACTACCG,0.186092715,9304.635762,0.377721088,18886.05442,TCCAGTCCTATCGTTACGACGCTACTACCG_JCW26_M2,4.75E-05,5.16191325,TRUE,G1,0.836120401,0.163879599,0,0.330060587
GGTCACGAGCCACCGT-1_3,m3,4104,2001,TCCAGTCGTTACGACGTAGCTACTACCG,0.129457213,6472.860667,0.125085034,6254.251701,TCCAGTCGTTACGACGTAGCTACTACCG_JCW26_M2,0.00093992,4.765909728,TRUE,G1,0.685733977,0.314266023,0,0.508588317
GGTGATTAGGGCAGTT-1_3,m3,16561,4347,TCCTCTACTATCGTTACGTAGCTACTACCG,0.263991689,13199.58447,0.093197279,4659.863946,TCCTCTACTATCGTTACGTAGCTACTACCG_JCW26_M2,0.000143861,3.939179369,TRUE,G1,0.843881857,0.156118143,0,0.739081306
GGTTCTCCAAGAAACT-1_3,m3,14615,4447,TCCAGTCGTTACTACTACCG,0.108862485,5443.12427,0.282482993,14124.14966,TCCAGTCGTTACTACTACCG_JCW26_M2,0.000267174,4.79996261,TRUE,G2M,0.001906578,0.046711153,0.951382269,0.278174889
GGTTCTCTCTCCTACG-1_3,m3,11777,3985,TCCAGTATCGTAGCTACTACCG,0.156674458,7833.722893,0.153316327,7665.816327,TCCAGTATCGTAGCTACTACCG_JCW26_M2,0.000236326,3.687935714,TRUE,G1,0.973709834,0.026290166,0,0.505416501
GTAACCACATTACGGT-1_3,m3,6738,2885,nb,0,0,0,0,0,0,8.086766245,FALSE,G1,0.714592275,0.285407725,0,0
GTAGGAGGTCTAGGTT-1_3,m3,16945,4198,TCCTCTACTATCGTTACGTAGCTACTACCG,0.263991689,13199.58447,0.093197279,4659.863946,TCCTCTACTATCGTTACGTAGCTACTACCG_JCW26_M2,0.000143861,4.28367244,TRUE,G2M,0.010763209,0.015655577,0.973581213,0.739081306
GTATTTCGTTGCATAC-1_3,m3,3814,1919,TCCTCTACTATCGTTACGTAGCTACTACCG,0.263991689,13199.58447,0.093197279,4659.863946,TCCTCTACTATCGTTACGTAGCTACTACCG_JCW26_M2,0.000143861,5.365314818,TRUE,G1,0.620300752,0.379699248,0,0.739081306
GTCAAACAGGATTCAA-1_3,m3,893,614,nb,0,0,0,0,0,0,1.418439716,FALSE,G2M,0.327272727,0.00855615,0.664171123,0
GTCGTAATCCGTGCGA-1_3,m3,3849,1827,nb,0,0,0,0,0,0,5.636867089,FALSE,G1,0.624169987,0.056440903,0.31938911,0
GTGAGGAAGTGTTCCA-1_3,m3,21425,5029,TCCAGAGAGTCTACTATCGTTACCGCTACTACCG,0,0,0,0,TCCAGAGAGTCTACTATCGTTACCGCTACTACCG_JCW26_M2,1.25E-08,4.738154613,TRUE,G1,0.859437751,0.024096386,0.116465863,0
GTGATGTCAGAGGGTT-1_3,m3,19510,5034,TCCAGTCCTATCGTTACGACGCTACTACCG,0.186092715,9304.635762,0.377721088,18886.05442,TCCAGTCCTATCGTTACGACGCTACTACCG_JCW26_M2,4.75E-05,5.312564473,TRUE,G2M,0.000990099,0.011881188,0.987128713,0.330060587
GTGCACGGTCGGTGTC-1_3,m3,18177,4616,TCCAGTATCGTAGCTACTACCG,0.156674458,7833.722893,0.153316327,7665.816327,TCCAGTATCGTAGCTACTACCG_JCW26_M2,0.000236326,4.438261342,TRUE,G1,0.981354269,0.018645731,0,0.505416501
GTGCAGCTCATACAGC-1_3,m3,7465,2954,TCCAGTACTATCGTTATACCG,0.066218673,3310.933645,0.14047619,7023.809524,TCCAGTACTATCGTTATACCG_JCW26_M2,0.000107725,3.109815355,TRUE,G1,0.872918493,0.127081507,0,0.320369225
GTGGAAGAGCAAATGT-1_3,m3,23938,5013,nb,0,0,0,0,0,0,3.84020925,FALSE,G1,0.844501718,0.155498282,0,0
GTGGTTAAGCGAAACC-1_3,m3,1962,1121,nb,0,0,0,0,0,0,6.875257308,FALSE,G1,0.733333333,0,0.266666667,0
GTGTGATCACCAGCGT-1_3,m3,9597,3419,TCCAGTCGTTACGACGTAGCTACTACCG,0.129457213,6472.860667,0.125085034,6254.251701,TCCAGTCGTTACGACGTAGCTACTACCG_JCW26_M2,0.00093992,4.327363054,TRUE,G1,0.546448087,0.453551913,0,0.508588317
GTTACAGCATTGAGGG-1_3,m3,15365,4181,nb,0,0,0,0,0,0,2.925222782,FALSE,G2M,0,0.016715831,0.983284169,0
GTTACCCGTAGTCGTT-1_3,m3,840,560,nb,0,0,0,0,0,0,2.156721783,FALSE,G2M,0.436630603,0.030911901,0.532457496,0
GTTACGATCGAGTGGA-1_3,m3,2546,1328,nb,0,0,0,0,0,0,6.256860593,FALSE,G1,0.706170421,0.097943193,0.195886386,0
GTTCATTTCCATGCAA-1_3,m3,8481,1666,TCCTCTACTATCGTTACGTAGCTACTACCG,0.263991689,13199.58447,0.093197279,4659.863946,TCCTCTACTATCGTTACGTAGCTACTACCG_JCW26_M2,0.000143861,1.468853865,TRUE,G1,0.84057971,0.017050298,0.142369991,0.739081306
GTTGAACTCAGTGGGA-1_3,m3,12647,3962,TCCTCTACTATCGTTACGTAGCTACTACCG,0.263991689,13199.58447,0.093197279,4659.863946,TCCTCTACTATCGTTACGTAGCTACTACCG_JCW26_M2,0.000143861,3.735691988,TRUE,S,0.276290631,0.716061185,0.007648184,0.739081306
GTTGTCCCATCAGCTA-1_3,m3,13301,4239,TCCAGTCCTATCGTTACGACGCTACTACCG,0.186092715,9304.635762,0.377721088,18886.05442,TCCAGTCCTATCGTTACGACGCTACTACCG_JCW26_M2,4.75E-05,4.923798359,TRUE,G1,0.946969697,0.053030303,0,0.330060587
GTTGTCCGTTCCGCTT-1_3,m3,14864,4519,TCCAGTTATCGTTACGACGTTAGCTACTACCG,0.008830022,441.5011038,0,0,TCCAGTTATCGTTACGACGTTAGCTACTACCG_JCW26_M2,9.95E-05,3.935010016,TRUE,G1,0.989119683,0.010880317,0,1
TAACCAGCAAGGAGTC-1_3,m3,16170,4046,nb,0,0,0,0,0,0,4.515177066,FALSE,G1,0.975490196,0.023529412,0.000980392,0
TAACGACCAAAGTATG-1_3,m3,5063,2333,TCCAGTCGTTACGACGTAGCTACTACCG,0.129457213,6472.860667,0.125085034,6254.251701,TCCAGTCGTTACGACGTAGCTACTACCG_JCW26_M2,0.00093992,4.98662126,TRUE,G1,0.676132522,0.323867478,0,0.508588317
TAACTTCTCGTCAACA-1_3,m3,7290,2871,nb,0,0,0,0,0,0,2.663918785,FALSE,G1,0.948620362,0.050428164,0.000951475,0
TAAGCCAAGGCATCGA-1_3,m3,16547,4550,TCCAGTAGCCGTAGCTACTACCG,0.009560447,478.0223348,0.002721088,136.0544218,TCCAGTAGCCGTAGCTACTACCG_JCW26_M2,4.85E-05,4.510978044,TRUE,G1,0.75112782,0.24887218,0,0.778440724
TAAGCGTAGTTTCAGC-1_3,m3,21953,5125,TCCTCTACTATCGTTACGTAGCTACTACCG,0.263991689,13199.58447,0.093197279,4659.863946,TCCTCTACTATCGTTACGTAGCTACTACCG_JCW26_M2,0.000143861,5.151930546,TRUE,G1,0.96615087,0.03384913,0,0.739081306
TACAGGTAGATGGGCT-1_3,m3,9908,2173,nb,0,0,0,0,0,0,1.074409519,FALSE,G2M,0.128408091,0,0.871591909,0
TACATTCCACGGCTAC-1_3,m3,18243,4820,nb,0,0,0,0,0,0,5.225342913,FALSE,G2M,0.025027203,0.016322089,0.958650707,0
TACCTCGGTGGTACAG-1_3,m3,20017,4794,nb,0,0,0,0,0,0,3.416374601,FALSE,G1,0.779423227,0.220576773,0,0
TACGTCCTCAAACCTG-1_3,m3,8164,3412,nb,0,0,0,0,0,0,3.825637606,FALSE,G1,0.949667616,0.050332384,0,0
TACGTCCTCCGTTGAA-1_3,m3,4934,2349,TCCAGTTATCGTTACGACGTTAGCTACTACCG,0.008830022,441.5011038,0,0,TCCAGTTATCGTTACGACGTTAGCTACTACCG_JCW26_M2,9.95E-05,2.93678447,TRUE,G1,0.903342367,0.096657633,0,1
TAGGAGGAGTAAGAGG-1_3,m3,4524,2129,TCCAGTCTACTATCGTTATACCG,0,0,0,0,TCCAGTCTACTATCGTTATACCG_JCW26_M2,0.000624158,5.721003135,TRUE,G1,0.819672131,0.180327869,0,0
TAGGAGGGTCAGCGTC-1_3,m3,5844,2120,nb,0,0,0,0,0,0,3.220571714,FALSE,G1,0.705924855,0.11632948,0.177745665,0
TAGTGCAAGATGTTGA-1_3,m3,7921,2792,nb,0,0,0,0,0,0,3.085483055,FALSE,G2M,0.007490637,0.06741573,0.925093633,0
TATCGCCTCGATTGGT-1_3,m3,4467,2212,TCCAGTCGTTACGACGTAGCTACTACCG,0.129457213,6472.860667,0.125085034,6254.251701,TCCAGTCGTTACGACGTAGCTACTACCG_JCW26_M2,0.00093992,3.543613707,TRUE,G1,0.874125874,0.125874126,0,0.508588317
TATCGCCTCTACTCAT-1_3,m3,24646,4976,nb,0,0,0,0,0,0,4.718076061,FALSE,G1,0.914076782,0.085923218,0,0
TCAAGTGCAACCGGAA-1_3,m3,8987,3416,nb,0,0,0,0,0,0,5.552808195,FALSE,G1,0.861386139,0.012376238,0.126237624,0
TCACGGGCAGAGTGAC-1_3,m3,26268,5328,TCCAGTATCGTAGCTACTACCG,0.156674458,7833.722893,0.153316327,7665.816327,TCCAGTATCGTAGCTACTACCG_JCW26_M2,0.000236326,5.783308931,TRUE,G1,0.737470167,0,0.262529833,0.505416501
TCACTCGTCGCTCATC-1_3,m3,16530,4307,nb,0,0,0,0,0,0,3.352040622,FALSE,G1,0.837130802,0.162025316,0.000843882,0
TCATGGAAGCGCAATG-1_3,m3,9231,3530,TCCAGTATCGTAGCTACTACCG,0.156674458,7833.722893,0.153316327,7665.816327,TCCAGTATCGTAGCTACTACCG_JCW26_M2,0.000236326,4.93145215,TRUE,G1,0.914757104,0.083409716,0.001833181,0.505416501
TCCGGGAGTTGTACGT-1_3,m3,22095,4877,TCCTCTACTATCGTTACGTAGCTACTACCG,0.263991689,13199.58447,0.093197279,4659.863946,TCCTCTACTATCGTTACGTAGCTACTACCG_JCW26_M2,0.000143861,4.994186211,TRUE,G1,0.753776435,0.246223565,0,0.739081306
TCCTCGAAGGATACAT-1_3,m3,22095,5206,TCCTCTACTATCGTTACGTAGCTACTACCG,0.263991689,13199.58447,0.093197279,4659.863946,TCCTCTACTATCGTTACGTAGCTACTACCG_JCW26_M2,0.000143861,4.890861335,TRUE,G2M,0.003813155,0.054337464,0.94184938,0.739081306
TCGAACAAGCAAGTGC-1_3,m3,2344,1290,nb,0,0,0,0,0,0,4.859404859,FALSE,G1,0.974434612,0.003933137,0.021632252,0
TCGACCTCAGGTACGA-1_3,m3,19206,4221,nb,0,0,0,0,0,0,4.049694557,FALSE,G1,0.792362768,0.207637232,0,0
TCGATTTAGGATTTCC-1_3,m3,18639,4905,TCCAGTATCGTAGCTACTACCG,0.156674458,7833.722893,0.153316327,7665.816327,TCCAGTATCGTAGCTACTACCG_JCW26_M2,0.000236326,6.567354305,TRUE,G2M,0.146255507,0.000881057,0.852863436,0.505416501
TCGCACTCATTGGATC-1_3,m3,16926,4592,TCCTCTACTATCGTTACGTAGCTACTACCG,0.263991689,13199.58447,0.093197279,4659.863946,TCCTCTACTATCGTTACGTAGCTACTACCG_JCW26_M2,0.000143861,4.24512987,TRUE,G2M,0.000994036,0.004970179,0.994035785,0.739081306
TCGCAGGAGGTACAGC-1_3,m3,8567,3292,nb,0,0,0,0,0,0,4.821184428,FALSE,G1,0.903342367,0.096657633,0,0
TCGCAGGGTAAGCTCT-1_3,m3,11668,3882,nb,0,0,0,0,0,0,4.350115863,FALSE,G1,0.804505229,0.195494771,0,0
TCGTAGACACAGACGA-1_3,m3,29127,3487,nb,0,0,0,0,0,0,1.485660555,FALSE,G2M,0,0.000999001,0.999000999,0
TCTACCGCAACATCGT-1_3,m3,18011,4775,TCCAGTACTATCGTTACGTAGCTACTACCG,0,0,0.002721088,136.0544218,TCCAGTACTATCGTTACGTAGCTACTACCG_JCW26_M2,0.00110964,4.315175542,TRUE,G1,0.897666068,0.102333932,0,0
TCTGTCGGTTGGCTAT-1_3,m3,857,557,nb,0,0,0,0,0,0,1.066666667,FALSE,G2M,0.469041561,0.052586938,0.478371501,0
TCTTCCTTCACTCGAA-1_3,m3,24578,5366,TCCAGTCGTTACTACTACCG,0.108862485,5443.12427,0.282482993,14124.14966,TCCAGTCGTTACTACTACCG_JCW26_M2,0.000267174,4.290438617,TRUE,S,0.266759777,0.569832402,0.163407821,0.278174889
TCTTGCGAGAGCGACT-1_3,m3,21008,5091,TCCTCTACTATCGTTACGTAGCTACTACCG,0.263991689,13199.58447,0.093197279,4659.863946,TCCTCTACTATCGTTACGTAGCTACTACCG_JCW26_M2,0.000143861,4.630051409,TRUE,G1,0.986947791,0.002008032,0.011044177,0.739081306
TCTTTGATCTACCTTA-1_3,m3,11946,3999,TCCAGTCGTTACTACTACCG,0.108862485,5443.12427,0.282482993,14124.14966,TCCAGTCGTTACTACTACCG_JCW26_M2,0.000267174,4.335818835,TRUE,G1,0.635609445,0.364390555,0,0.278174889
TGACTCCTCGAACACT-1_3,m3,5179,2678,nb,0,0,0,0,0,0,4.94105844,FALSE,G1,0.729394602,0.270605398,0,0
TGAGGAGAGAGTTCGG-1_3,m3,5039,2383,TCCAGCGTAGCTACTACCG,0.22215946,11107.97299,0.16122449,8061.22449,TCCAGCGTAGCTACTACCG_JCW26_M2,0,2.976059741,TRUE,G1,0.83996613,0.15918713,0.00084674,0.579469902
TGATGGTTCTCGTTTA-1_3,m3,5432,2404,nb,0,0,0,0,0,0,5.946441299,FALSE,G1,0.616522811,0.383477189,0,0
TGATTCTGTTGCCGCA-1_3,m3,13122,1750,nb,0,0,0,0,0,0,1.065255732,FALSE,G1,0.896869245,0.008287293,0.094843462,0
TGATTTCAGCATCAGG-1_3,m3,23643,4839,TCCTCTACTATCGTTACGTAGCTACTACCG,0.263991689,13199.58447,0.093197279,4659.863946,TCCTCTACTATCGTTACGTAGCTACTACCG_JCW26_M2,0.000143861,5.486451142,TRUE,G2M,0.005015045,0,0.994984955,0.739081306
TGCAGATTCGCTATTT-1_3,m3,8812,3287,nb,0,0,0,0,0,0,5.807853717,FALSE,G1,0.922509225,0.077490775,0,0
TGCAGGCTCTAGCCTC-1_3,m3,15086,4349,TCCAGCGTAGCTACTACCG,0.22215946,11107.97299,0.16122449,8061.22449,TCCAGCGTAGCTACTACCG_JCW26_M2,0,4.194746252,TRUE,G1,0.753579503,0.246420497,0,0.579469902
TGCATCCAGATGTTCC-1_3,m3,783,580,nb,0,0,0,0,0,0,1.534919417,FALSE,G2M,0.390041494,0.008298755,0.601659751,0
TGCATGAGTAGTCTTG-1_3,m3,16502,4658,TCCAGTCGTTACTACTACCG,0.108862485,5443.12427,0.282482993,14124.14966,TCCAGTCGTTACTACTACCG_JCW26_M2,0.000267174,4.64008541,TRUE,S,0.157986111,0.126736111,0.715277778,0.278174889
TGCATGATCCAACCGG-1_3,m3,23322,5120,TCCAGCGTAGCTACTACCG,0.22215946,11107.97299,0.16122449,8061.22449,TCCAGCGTAGCTACTACCG_JCW26_M2,0,4.297815678,TRUE,G1,0.561301569,0.438698431,0,0.579469902
TGCATGATCCGAAGGA-1_3,m3,11271,3686,TCCAGTATCGTAGCTACTACCG,0.156674458,7833.722893,0.153316327,7665.816327,TCCAGTATCGTAGCTACTACCG_JCW26_M2,0.000236326,2.270318514,TRUE,G2M,0.183934808,0.107101281,0.708963912,0.505416501
TGCCGAGGTCTACTGA-1_3,m3,14369,4488,TCCAGTCGTTACTACTACCG,0.108862485,5443.12427,0.282482993,14124.14966,TCCAGTCGTTACTACTACCG_JCW26_M2,0.000267174,4.504848803,TRUE,G1,0.811030008,0.188969992,0,0.278174889
TGCGATATCGACCAAT-1_3,m3,16709,4643,nb,0,0,0,0,0,0,6.055968518,FALSE,G1,0.874125874,0.125874126,0,0
TGCGGCAAGCATCGAG-1_3,m3,8894,3634,nb,0,0,0,0,0,0,2.353885248,FALSE,G2M,0.009398496,0.060150376,0.930451128,0
TGCTCCACATCCTAAG-1_3,m3,12221,4041,TCCAGTCCTATCGTTACGACGCTACTACCG,0.186092715,9304.635762,0.377721088,18886.05442,TCCAGTCCTATCGTTACGACGCTACTACCG_JCW26_M2,4.75E-05,3.990697183,TRUE,G2M,0.007843137,0.018627451,0.973529412,0.330060587
TGCTTGCTCAAGCCGC-1_3,m3,13757,4477,TCCAGTATCGTAGCTACTACCG,0.156674458,7833.722893,0.153316327,7665.816327,TCCAGTATCGTAGCTACTACCG_JCW26_M2,0.000236326,4.026619087,TRUE,G1,0.695410292,0.304589708,0,0.505416501
TGGCGTGTCTGGGCCA-1_3,m3,10350,3175,nb,0,0,0,0,0,0,4.303055101,FALSE,G1,0.99501992,0.00498008,0,0
TGGGAAGTCGGCTTGG-1_3,m3,16907,4847,TCCACTACTATCGTTACGACGTAGCTACTACCG,0.075032463,3751.623166,0.032823129,1641.156463,TCCACTACTATCGTTACGACGTAGCTACTACCG_JCW26_M2,0.00287375,6.340572961,TRUE,G1,0.807102502,0.192897498,0,0.695675223
TGGGCGTAGTCTGCAT-1_3,m3,18653,4687,TCCTATCGTAGCTACTACCG,0,0,0,0,TCCTATCGTAGCTACTACCG_JCW26_M2,0.000107787,4.542003175,TRUE,G1,0.878868258,0.121131742,0,0
TGGGTTATCTGGCCGA-1_3,m3,8389,3168,TCCTCTACTATCGTTACGTAGCTACTACCG,0.263991689,13199.58447,0.093197279,4659.863946,TCCTCTACTATCGTTACGTAGCTACTACCG_JCW26_M2,0.000143861,5.291775157,TRUE,G1,0.942507069,0.057492931,0,0.739081306
TGGTAGTTCTAGACCA-1_3,m3,9564,3588,TCCACTATCGTTATACCG,0,0,0,0,TCCACTATCGTTATACCG_JCW26_M2,0,4.863424384,TRUE,G1,0.531233316,0.468766684,0,0
TGTAACGGTGAGAACC-1_3,m3,8261,2838,nb,0,0,0,0,0,0,3.921913472,FALSE,G1,0.71245283,0.01509434,0.27245283,0
TGTAAGCAGAGATGCC-1_3,m3,18223,2765,nb,0,0,0,0,0,0,1.998253953,FALSE,G1,0.900497512,0.088557214,0.010945274,0
TGTCAGAAGGATTTGA-1_3,m3,8430,3310,TCCTCTACTATCGTTACGTAGCTACTACCG,0.263991689,13199.58447,0.093197279,4659.863946,TCCTCTACTATCGTTACGTAGCTACTACCG_JCW26_M2,0.000143861,5.41162042,TRUE,G1,0.707714084,0.292285916,0,0.739081306
TGTGCGGAGTAGCCAG-1_3,m3,9363,3308,TCCAGTATCGTAGCTACTACCG,0.156674458,7833.722893,0.153316327,7665.816327,TCCAGTATCGTAGCTACTACCG_JCW26_M2,0.000236326,9.643364688,TRUE,G1,0.986193294,0.013806706,0,0.505416501
TGTTACTCAAATCGTC-1_3,m3,1001,681,nb,0,0,0,0,0,0,8.069620253,FALSE,G2M,0.086255924,0.002843602,0.910900474,0
TGTTCATAGTTCCTGA-1_3,m3,21869,4994,nb,0,0,0,0,0,0,4.041807811,FALSE,G2M,0.002,0,0.998,0
TGTTCTAAGATTGAGT-1_3,m3,12656,4193,TCCAGTCGTTACGACGTAGCTACTACCG,0.129457213,6472.860667,0.125085034,6254.251701,TCCAGTCGTTACGACGTAGCTACTACCG_JCW26_M2,0.00093992,5.154145147,TRUE,G2M,0.028210117,0,0.971789883,0.508588317
TGTTTGTCAACAAGTA-1_3,m3,6004,2657,TCCAGTACTATCGTTACGAGCTACTACCG,0.025749903,1287.495131,0.035629252,1781.462585,TCCAGTACTATCGTTACGAGCTACTACCG_JCW26_M2,0.00156015,5.095867938,TRUE,G1,0.956022945,0.043977055,0,0.419521953
TGTTTGTCATTATGCG-1_3,m3,22359,4751,nb,0,0,0,0,0,0,5.167518455,FALSE,G1,0.896217265,0.101842871,0.001939864,0
TTACGCCCAGCTTTCC-1_3,m3,19133,3963,nb,0,0,0,0,0,0,4.168984977,FALSE,G1,0.915750916,0.084249084,0,0
TTACTGTTCCTCTCGA-1_3,m3,21204,3289,TCCATCGTTATACCG,0,0,0.018707483,935.3741497,TCCATCGTTATACCG_JCW26_M2,0,1.939745855,TRUE,G1,0.660915727,0.339084273,0,0
TTATTGCCACAGCCTG-1_3,m3,16980,4683,TCCTCTACTATCGTTACGTAGCTACTACCG,0.263991689,13199.58447,0.093197279,4659.863946,TCCTCTACTATCGTTACGTAGCTACTACCG_JCW26_M2,0.000143861,3.853859753,TRUE,G2M,0.287830688,0.022222222,0.68994709,0.739081306
TTATTGCTCATAGAGA-1_3,m3,14072,4247,TCCAGCGTAGCTACTACCG,0.22215946,11107.97299,0.16122449,8061.22449,TCCAGCGTAGCTACTACCG_JCW26_M2,0,4.38239645,TRUE,G1,0.922509225,0.077490775,0,0.579469902
TTCACCGCAAACCATC-1_3,m3,13210,4302,nb,0,0,0,0,0,0,4.865805169,FALSE,G1,0.504540868,0.495459132,0,0
TTCCTAAGTATTTCCT-1_3,m3,17604,4802,TCCAGCGTAGCTACTACCG,0.22215946,11107.97299,0.16122449,8061.22449,TCCAGCGTAGCTACTACCG_JCW26_M2,0,3.936726927,TRUE,G1,0.704225352,0.295774648,0,0.579469902
TTCCTCTAGCGCCTAC-1_3,m3,5744,2714,nb,0,0,0,0,0,0,4.299740436,FALSE,G1,0.699434229,0.299858557,0.000707214,0
TTCTGTAGTTTAAGGA-1_3,m3,15728,4110,nb,0,0,0,0,0,0,3.058965587,FALSE,G2M,0.131578947,0.006315789,0.862105263,0
TTGACCCAGGATACGC-1_3,m3,4622,2233,TCCAGTATCGTAGCTACTACCG,0.156674458,7833.722893,0.153316327,7665.816327,TCCAGTATCGTAGCTACTACCG_JCW26_M2,0.000236326,8.021832617,TRUE,G1,0.631746032,0.367619048,0.000634921,0.505416501
TTGCGTCCATCGATGT-1_3,m3,11710,3810,TCCAGCGTAGCTACTACCG,0.22215946,11107.97299,0.16122449,8061.22449,TCCAGCGTAGCTACTACCG_JCW26_M2,0,4.754126063,TRUE,G1,0.86281277,0.13718723,0,0.579469902
TTGCGTCTCACTGTTT-1_3,m3,9709,3661,TCCAGTCGTTACTACTACCG,0.108862485,5443.12427,0.282482993,14124.14966,TCCAGTCGTTACTACTACCG_JCW26_M2,0.000267174,5.177464405,TRUE,G1,0.999000999,0.000999001,0,0.278174889
TTGGGCGTCCAGCCTT-1_3,m3,6668,2935,TCCAGTATCGTAGCTACTACCG,0.156674458,7833.722893,0.153316327,7665.816327,TCCAGTATCGTAGCTACTACCG_JCW26_M2,0.000236326,4.001088732,TRUE,G1,0.697836706,0.302163294,0,0.505416501
TTTGGAGGTATGAGCG-1_3,m3,15245,4146,TCCAGTATCGTAGCTACTACCG,0.156674458,7833.722893,0.153316327,7665.816327,TCCAGTATCGTAGCTACTACCG_JCW26_M2,0.000236326,5.174027742,TRUE,G1,0.984,0.012,0.004,0.505416501
TTTGGAGGTCTCTCCA-1_3,m3,7027,3107,TCCAGTCGTTACTACTACCG,0.108862485,5443.12427,0.282482993,14124.14966,TCCAGTCGTTACTACTACCG_JCW26_M2,0.000267174,4.711838006,TRUE,G1,0.672075727,0.327924273,0,0.278174889
AAACCCATCCTAGCCT-1_4,m4,26740,5134,nb,0,0,0,0,0,0,2.525380711,FALSE,G1,0.843722564,0.156277436,0,0
AAACGCTTCTAACGGT-1_4,m4,10496,3559,nb,0,0,0,0,0,0,2.844141069,FALSE,G1,0.92936803,0.07063197,0,0
AAAGAACCACCAGTAT-1_4,m4,13794,4448,TCCAGTATCTACTATCGTTACGACGCTACTACCG,0,0,0,0,TCCAGTATCTACTATCGTTACGACGCTACTACCG_JCW26_M3,0.00060376,3.957886528,TRUE,G1,0.490438001,0.509561999,0,0
AAAGGATCAGCTAACT-1_4,m4,5315,2039,nb,0,0,0,0,0,0,2.023387203,FALSE,G1,0.834028357,0.120100083,0.04587156,0
AAAGGGCTCGGTCAGC-1_4,m4,7938,3200,TCCAGTACTACCG,0.24900503,14790.89875,0.16975242,10046.62723,TCCAGTACTACCG_JCW26_M3,0,3.586853085,TRUE,G1,0.678886626,0.321113374,0,0.594628299
AAAGTCCAGGTGATAT-1_4,m4,7330,3062,TCCAGTCTACTATCGTTACGACGCTACTACCG,0.32745827,19451.02121,0.172291613,10196.90683,TCCAGTCTACTATCGTTACGACGCTACTACCG_JCW26_M3,0.00252242,2.686005909,TRUE,G1,0.638569604,0.361430396,0,0.655244315
AAATGGAAGGCTTAGG-1_4,m4,1655,955,nb,0,0,0,0,0,0,7.948717949,FALSE,G2M,0,0.197580645,0.802419355,0
AACAAAGTCTTACACT-1_4,m4,18329,4405,nb,0,0,0,0,0,0,3.702822978,FALSE,G1,0.830564784,0.169435216,0,0
AACAAGACAATTCTTC-1_4,m4,8057,3415,TCCAGTACTACCG,0.24900503,14790.89875,0.16975242,10046.62723,TCCAGTACTACCG_JCW26_M3,0,2.848310885,TRUE,G1,0.664893617,0.335106383,0,0.594628299
AACCAACCAGGTGTGA-1_4,m4,6631,2906,nb,0,0,0,0,0,0,5.008557788,FALSE,G1,0.839630563,0.160369437,0,0
AACCACAAGCTGCCTG-1_4,m4,6244,2769,nb,0,0,0,0,0,0,3.579910282,FALSE,G1,0.790513834,0.209486166,0,0
AACCCAAAGTAACCTC-1_4,m4,11916,3812,TCCAGTCTACTATCGTTACGACGCTACTACCG,0.32745827,19451.02121,0.172291613,10196.90683,TCCAGTCTACTATCGTTACGACGCTACTACCG_JCW26_M3,0.00252242,2.773411753,TRUE,G1,0.89047195,0.10952805,0,0.655244315
AAGAACAAGACGGATC-1_4,m4,5803,2600,TCCAGTATCTACTATCGTTACGACGCTACTACCG,0,0,0,0,TCCAGTATCTACTATCGTTACGACGCTACTACCG_JCW26_M3,0.00060376,4.201351484,TRUE,G1,0.710732054,0.289267946,0,0
AAGAACAGTAATGATG-1_4,m4,5121,2546,nb,0,0,0,0,0,0,3.377910998,FALSE,G1,0.960614793,0.039385207,0,0
AAGACTCTCGAGATAA-1_4,m4,3762,1953,TCCAGTCGTTAGCTACTACCG,0.137787011,8184.548436,0.10588195,6266.517317,TCCAGTCGTTAGCTACTACCG_JCW26_M3,0.000301336,3.337207372,TRUE,G2M,0.002542373,0.321186441,0.676271186,0.565468045
AAGATAGAGATTGTGA-1_4,m4,2842,1534,TCCAGTCTACTATCGTTACGACGCTACTACCG,0.32745827,19451.02121,0.172291613,10196.90683,TCCAGTCTACTATCGTTACGACGCTACTACCG_JCW26_M3,0.00252242,8.776371308,TRUE,G1,0.796266234,0.202922078,0.000811688,0.655244315
AAGCCATAGGAGTATT-1_4,m4,1483,844,nb,0,0,0,0,0,0,2.884615385,FALSE,G2M,0.240105541,0.004397537,0.755496922,0
AAGCGAGTCTGGGCAC-1_4,m4,4899,2311,nb,0,0,0,0,0,0,3.794296623,FALSE,G1,0.527148129,0.472851871,0,0
AAGTACCGTGAGAGGG-1_4,m4,2004,1328,nb,0,0,0,0,0,0,2.973635806,FALSE,G1,0.533692722,0.466307278,0,0
AAGTCGTCACATAACC-1_4,m4,20740,4445,TCCAGTACTATCGTTACGAAGCTACTACCG,0.062256724,3698.049421,0.090310974,5344.964688,TCCAGTACTATCGTTACGAAGCTACTACCG_JCW26_M3,0.000231876,2.551323128,TRUE,G1,0.912408759,0.087591241,0,0.408059667
AAGTGAATCACCGACG-1_4,m4,21174,5312,nb,0,0,0,0,0,0,6.881103217,FALSE,G2M,0,0.328581127,0.671418873,0
AATCGACAGAAGGATG-1_4,m4,7536,2956,nb,0,0,0,0,0,0,2.229646307,FALSE,G1,0.630119723,0.369880277,0,0
AATCGTGGTCTCGGAC-1_4,m4,23357,4909,TCCAGTCTATCGTTACGGCTACTACCG,0.009803922,582.3529412,0,0,TCCAGTCTATCGTTACGGCTACTACCG_JCW26_M3,0.000615881,2.472021338,TRUE,G1,0.869610936,0.010515247,0.119873817,1
AATCGTGTCATACGAC-1_4,m4,4367,2185,TCCAGTCTATCGTTACGAGCTACTACCG,0.118303083,7027.203149,0.00848111,501.9460293,TCCAGTCTATCGTTACGAGCTACTACCG_JCW26_M3,0.000805274,3.746898263,TRUE,G1,0.796488428,0.203511572,0,0.933105935
AATGAAGGTCAAAGAT-1_4,m4,12823,3362,TCCAGTACTACCG,0.24900503,14790.89875,0.16975242,10046.62723,TCCAGTACTACCG_JCW26_M3,0,4.089197799,TRUE,G1,0.797114518,0.011722272,0.19116321,0.594628299
AATTCCTTCCATTGTT-1_4,m4,7959,2828,nb,0,0,0,0,0,0,2.120243973,FALSE,G1,0.992063492,0.007936508,0,0
AATTTCCTCACAATGC-1_4,m4,13887,4245,nb,0,0,0,0,0,0,2.933921849,FALSE,G1,0.653167864,0.346832136,0,0
ACAAAGAGTGTTTACG-1_4,m4,31804,5332,TCCAGTACTATCGTTACGAAGCTACTACCG,0.062256724,3698.049421,0.090310974,5344.964688,TCCAGTACTATCGTTACGAAGCTACTACCG_JCW26_M3,0.000231876,3.324840232,TRUE,G2M,0.04778157,0.011376564,0.940841866,0.408059667
ACAACCATCCGAAATC-1_4,m4,18711,4334,nb,0,0,0,0,0,0,3.2170263,FALSE,G1,0.993048659,0.006951341,0,0
ACAAGCTTCGAGCCAC-1_4,m4,3515,625,nb,0,0,0,0,0,0,5.734379226,FALSE,G2M,0.371767994,0.074772886,0.553459119,0
ACACAGTCAGCGTTTA-1_4,m4,1349,884,nb,0,0,0,0,0,0,8.238776517,FALSE,S,0.513174404,0.096612296,0.3902133,0
ACACTGAAGGACCCAA-1_4,m4,10060,3200,nb,0,0,0,0,0,0,2.057582153,FALSE,S,0.726608187,0.19005848,0.083333333,0
ACAGAAAAGGCCTTCG-1_4,m4,21451,5060,nb,0,0,0,0,0,0,2.874517947,FALSE,G1,0.535300316,0.022128556,0.442571128,0
ACAGCCGAGCAGGCTA-1_4,m4,2065,1210,nb,0,0,0,0,0,0,2.731206057,FALSE,G1,0.972495088,0.011787819,0.015717092,0
ACAGCCGTCTAAGGAA-1_4,m4,3669,2069,nb,0,0,0,0,0,0,3.857999676,FALSE,G1,0.795511222,0.152950956,0.051537822,0
ACAGGGAAGTCCCTAA-1_4,m4,7665,3012,TCCAGTCTATCGTTACGGCTACTACCG,0.009803922,582.3529412,0,0,TCCAGTCTATCGTTACGGCTACTACCG_JCW26_M3,0.000615881,3.299888517,TRUE,G1,0.942507069,0.057492931,0,1
ACATCCCTCGCTGACG-1_4,m4,1292,596,nb,0,0,0,0,0,0,4.837640822,FALSE,G2M,0.111111111,0.038461538,0.85042735,0
ACATGCAAGACTGAGC-1_4,m4,23136,4675,nb,0,0,0,0,0,0,4.07770242,FALSE,S,0.262875536,0.674892704,0.06223176,0
ACATTTCCATCTGTTT-1_4,m4,4386,2314,nb,0,0,0,0,0,0,3.698102832,FALSE,G1,0.607940447,0.392059553,0,0
ACCAAACCAGGTGTGA-1_4,m4,4391,2330,nb,0,0,0,0,0,0,6.866167914,FALSE,G1,0.505864355,0.494135645,0,0
ACCACAATCGAGAGAC-1_4,m4,5311,2078,nb,0,0,0,0,0,0,2.29608864,FALSE,G1,0.759541985,0.083969466,0.15648855,0
ACCATTTCACCAGTTA-1_4,m4,27804,4973,TCCAGTAGCTATCGTTACGGCTACTACCG,0.027042787,1606.34157,0.063008652,3729.104086,TCCAGTAGCTATCGTTACGGCTACTACCG_JCW26_M3,0.000117708,2.145117806,TRUE,G1,0.734753857,0.265246143,0,0.300303774
ACCATTTTCCGTAGTA-1_4,m4,8359,2998,nb,0,0,0,0,0,0,3.743700504,FALSE,G1,0.774593338,0.225406662,0,0
ACCCAAACAACGACAG-1_4,m4,10341,3499,nb,0,0,0,0,0,0,2.453305229,FALSE,G1,0.950570342,0.049429658,0,0
ACCCTCAAGCCACAAG-1_4,m4,10116,3688,TCCAGTCGTTACTACTACCG,0.052430935,3114.397551,0,0,TCCAGTCGTTACTACTACCG_JCW26_M3,0.000267174,3.563860528,TRUE,S,0.050743657,0.754155731,0.195100612,1
ACGATGTTCGCCGTGA-1_4,m4,13215,4163,nb,0,0,0,0,0,0,9.208428246,FALSE,G2M,0.034965035,0.3,0.665034965,0
ACGGGTCAGTCGGCCT-1_4,m4,28121,5115,TCCAGTCTACTATCGTTACGACGCTACTACCG,0.32745827,19451.02121,0.172291613,10196.90683,TCCAGTCTACTATCGTTACGACGCTACTACCG_JCW26_M3,0.00252242,2.851933237,TRUE,G1,0.921286031,0.012195122,0.066518847,0.655244315
ACGGGTCTCGCTGACG-1_4,m4,9141,3397,nb,0,0,0,0,0,0,2.600931677,FALSE,G1,0.931902985,0.068097015,0,0
ACGTACATCCGGGACT-1_4,m4,3549,1858,TCCAGTAGCTATCGTTACGGCTACTACCG,0.027042787,1606.34157,0.063008652,3729.104086,TCCAGTAGCTATCGTTACGGCTACTACCG_JCW26_M3,0.000117708,4.196245465,TRUE,G1,0.895964126,0.104035874,0,0.300303774
ACGTAGTGTTAAGCAA-1_4,m4,4516,2267,TCCAGTCGTTAGCTACTACCG,0.137787011,8184.548436,0.10588195,6266.517317,TCCAGTCGTTAGCTACTACCG_JCW26_M3,0.000301336,4.302019315,TRUE,G1,0.804505229,0.195494771,0,0.565468045
ACGTCCTAGCTCATAC-1_4,m4,7826,3182,nb,0,0,0,0,0,0,4.097992209,FALSE,G1,0.714796283,0.285203717,0,0
ACTACGACATGACGTT-1_4,m4,5184,2014,nb,0,0,0,0,0,0,2.327480604,FALSE,G1,0.868581375,0.051348999,0.080069626,0
ACTATGGGTGGTCAAG-1_4,m4,22405,4545,nb,0,0,0,0,0,0,2.941357077,FALSE,S,0.331125828,0.278145695,0.390728477,0
ACTATTCTCCAAGCAT-1_4,m4,6644,2351,nb,0,0,0,0,0,0,2.775459098,FALSE,G1,0.941343425,0.039735099,0.018921476,0
ACTCCCACAGAGAAAG-1_4,m4,28914,5218,TCCAGTACTATCGTTTAGCTACTACCG,0.044813762,2661.937459,0.039078215,2312.805058,TCCAGTACTATCGTTTAGCTACTACCG_JCW26_M3,0.000131171,3.233622627,TRUE,G1,0.794019934,0.205980066,0,0.534184121
ACTGATGGTCTGGTTA-1_4,m4,24952,5064,TCCAGTCGTTACTACTACCG,0.052430935,3114.397551,0,0,TCCAGTCGTTACTACTACCG_JCW26_M3,0.000267174,2.352445403,TRUE,G1,0.605451006,0.394548994,0,1
ACTGCAAAGATTGGGC-1_4,m4,2298,1368,nb,0,0,0,0,0,0,7.867557716,FALSE,G1,0.665991903,0.33265857,0.001349528,0
ACTGTCCCATTGACCA-1_4,m4,1600,995,nb,0,0,0,0,0,0,6.347787215,FALSE,S,0.369391026,0.366987179,0.263621795,0
ACTTATCGTACATACC-1_4,m4,10046,3631,TCCAGTCTATCGTTACGGCTACTACCG,0.009803922,582.3529412,0,0,TCCAGTCTATCGTTACGGCTACTACCG_JCW26_M3,0.000615881,4.300331858,TRUE,G2M,0.006666667,0.2175,0.775833333,1
AGAACCTCACGTTCGG-1_4,m4,9314,3517,TCCAGTCTACTATCGTTACGACGCTACTACCG,0.32745827,19451.02121,0.172291613,10196.90683,TCCAGTCTACTATCGTTACGACGCTACTACCG_JCW26_M3,0.00252242,4.038501779,TRUE,G1,0.738552437,0.261447563,0,0.655244315
AGAACCTGTGCAGGAT-1_4,m4,3997,2011,nb,0,0,0,0,0,0,4.345973583,FALSE,G1,0.794749403,0.202863962,0.002386635,0
AGACCCGCATATGAAG-1_4,m4,1632,962,nb,0,0,0,0,0,0,2.931978108,FALSE,S,0.202693603,0.554208754,0.243097643,0
AGAGAATAGATTACCC-1_4,m4,2106,1195,nb,0,0,0,0,0,0,3.146633103,FALSE,G1,0.402298851,0.505108557,0.092592593,0
AGATAGATCGGTATGT-1_4,m4,20509,4305,nb,0,0,0,0,0,0,3.524713872,FALSE,G1,0.885739593,0.114260407,0,0
AGATCCATCAAGTGTC-1_4,m4,9752,3899,nb,0,0,0,0,0,0,7.41024267,FALSE,G2M,0,0.061913696,0.938086304,0
AGATCGTAGCAGGTCA-1_4,m4,5861,2790,nb,0,0,0,0,0,0,3.044934963,FALSE,G1,0.664451827,0.335548173,0,0
AGATCGTTCAAGTTGC-1_4,m4,6263,2797,nb,0,0,0,0,0,0,3.578656854,FALSE,G1,0.569476082,0.430523918,0,0
AGATGCTTCGCTTACC-1_4,m4,4543,2142,TCCAGTACTATCGTTACGACGCTACTACCG,0.174983599,10394.0258,0.058322625,3451.76623,TCCAGTACTATCGTTACGACGCTACTACCG_JCW26_M3,0.00123583,5.023349741,TRUE,G1,0.76438987,0.23561013,0,0.750016849
AGCCAGCAGCCTCTCT-1_4,m4,7523,3520,nb,0,0,0,0,0,0,3.159483165,FALSE,G1,0.539708266,0.460291734,0,0
AGCCAGCTCGCGATCG-1_4,m4,17161,4025,nb,0,0,0,0,0,0,2.603938731,FALSE,G1,0.823045267,0.176954733,0,0
AGCCAGCTCGTGTGGC-1_4,m4,15241,3903,nb,0,0,0,0,0,0,4.239429714,FALSE,S,0.504056795,0.028397566,0.467545639,0
AGCGATTAGAACGTGC-1_4,m4,36642,4693,nb,0,0,0,0,0,0,2.325679912,FALSE,G2M,0.006,0.001,0.993,0
AGCGCCATCTTCCACG-1_4,m4,26750,4774,nb,0,0,0,0,0,0,2.56385402,FALSE,G1,0.611534276,0.002176279,0.386289445,0
AGCGCTGTCGCAATTG-1_4,m4,4955,2091,nb,0,0,0,0,0,0,2.826217679,FALSE,G1,0.820428336,0.15568369,0.023887974,0
AGCGTATCATACCACA-1_4,m4,1939,1212,nb,0,0,0,0,0,0,7.98573975,FALSE,G1,0.706676136,0.293323864,0,0
AGCGTATTCCTACCGT-1_4,m4,6221,2838,TCCAGTACTATCGTTTAGCTACTACCG,0.044813762,2661.937459,0.039078215,2312.805058,TCCAGTACTATCGTTTAGCTACTACCG_JCW26_M3,0.000131171,5.209191614,TRUE,G1,0.778823529,0.221176471,0,0.534184121
AGCGTCGGTCATCCGG-1_4,m4,2982,1749,TCCAGTACTATCGTTTAGCTACTACCG,0.044813762,2661.937459,0.039078215,2312.805058,TCCAGTACTATCGTTTAGCTACTACCG_JCW26_M3,0.000131171,4.172960725,TRUE,G1,0.93364486,0.061682243,0.004672897,0.534184121
AGCTTCCCACATGACT-1_4,m4,4730,1817,nb,0,0,0,0,0,0,3.15658529,FALSE,G1,0.765384615,0.062307692,0.172307692,0
AGCTTCCTCTTCGATT-1_4,m4,22646,5212,nb,0,0,0,0,0,0,3.592292266,FALSE,G2M,0.248214286,0.016964286,0.734821429,0
AGGAATAGTACACTCA-1_4,m4,1657,1033,nb,0,0,0,0,0,0,2.733333333,FALSE,G1,0.856893543,0.143106457,0,0
AGGACTTAGTGGAAGA-1_4,m4,23160,4806,nb,0,0,0,0,0,0,3.69995165,FALSE,G2M,0.05754717,0,0.94245283,0
AGGATCTAGGTACATA-1_4,m4,24458,4742,nb,0,0,0,0,0,0,3.079973562,FALSE,G1,0.99009901,0.00990099,0,0
AGGATCTGTATAATGG-1_4,m4,963,561,nb,0,0,0,0,0,0,7.684918348,FALSE,G2M,0,0.39867709,0.60132291,0
AGGCATTCAGCATACT-1_4,m4,25551,4657,TCCAGTACTACCG,0.24900503,14790.89875,0.16975242,10046.62723,TCCAGTACTACCG_JCW26_M3,0,2.766184606,TRUE,G1,0.723726115,0.276273885,0,0.594628299
AGGCCACCAACTGCCG-1_4,m4,7675,2881,nb,0,0,0,0,0,0,8.73734683,FALSE,G1,0.704225352,0.295774648,0,0
AGGCCACCAAGAGTAT-1_4,m4,9551,3412,TCCAGTCTATCGTTACGGCTACTACCG,0.009803922,582.3529412,0,0,TCCAGTCTATCGTTACGGCTACTACCG_JCW26_M3,0.000615881,3.681922782,TRUE,G1,0.677528853,0.322471147,0,1
AGGCCACGTACATTGC-1_4,m4,12550,3616,nb,0,0,0,0,0,0,2.792906019,FALSE,G1,0.991080278,0.008919722,0,0
AGGCCACGTTGCTAGT-1_4,m4,3533,1821,nb,0,0,0,0,0,0,6.310837119,FALSE,G1,0.787401575,0.212598425,0,0
AGGCTGCCAATGAACA-1_4,m4,28391,4400,nb,0,0,0,0,0,0,2.561235357,FALSE,G1,0.674631061,0.325368939,0,0
AGGCTGCGTTGCATGT-1_4,m4,4636,1757,nb,0,0,0,0,0,0,3.902216824,FALSE,G1,0.637811634,0.099030471,0.263157895,0
AGGGCCTAGCCACAAG-1_4,m4,1586,966,nb,0,0,0,0,0,0,4.018547141,FALSE,S,0.335820896,0.245335821,0.418843284,0
AGGGCTCCATGCCGCA-1_4,m4,12101,3912,TCCAGTCTACTATCGTTACGACGCTACTACCG,0.32745827,19451.02121,0.172291613,10196.90683,TCCAGTCTACTATCGTTACGACGCTACTACCG_JCW26_M3,0.00252242,2.64646748,TRUE,G1,0.877192982,0.122807018,0,0.655244315
AGGGCTCGTTCGGTTA-1_4,m4,21709,4809,nb,0,0,0,0,0,0,4.971846172,FALSE,G1,0.5,0.493589744,0.006410256,0
AGGGTCCGTACTGCCG-1_4,m4,11910,3629,nb,0,0,0,0,0,0,3.198109112,FALSE,G1,0.936329588,0.063670412,0,0
AGGGTTTGTACGTGAG-1_4,m4,4145,1883,nb,0,0,0,0,0,0,4.043409767,FALSE,G1,0.918744229,0.063711911,0.01754386,0
AGGTTACAGGTCACCC-1_4,m4,12591,4382,TCCAGTAGCTATCGTTACGGCTACTACCG,0.027042787,1606.34157,0.063008652,3729.104086,TCCAGTAGCTATCGTTACGGCTACTACCG_JCW26_M3,0.000117708,3.612889226,TRUE,G1,0.647249191,0.352750809,0,0.300303774
AGGTTGTAGAATCCCT-1_4,m4,2439,1392,TCCAGTCTACTATCGTTACGACGCTACTACCG,0.32745827,19451.02121,0.172291613,10196.90683,TCCAGTCTACTATCGTTACGACGCTACTACCG_JCW26_M3,0.00252242,7.69730432,TRUE,G1,0.839630563,0.160369437,0,0.655244315
AGTACTGAGGTAGGCT-1_4,m4,5520,2501,nb,0,0,0,0,0,0,6.335156638,FALSE,G1,0.665502793,0.330307263,0.004189944,0
AGTAGCTGTATCCCTC-1_4,m4,1807,605,nb,0,0,0,0,0,0,4.655674103,FALSE,G2M,0.251889169,0.039462636,0.708648195,0
AGTAGTCCATCATGAC-1_4,m4,8147,3349,nb,0,0,0,0,0,0,4.038098237,FALSE,G2M,0,0.090163934,0.909836066,0
AGTCAACAGGTTAAAC-1_4,m4,10442,3629,nb,0,0,0,0,0,0,3.37988499,FALSE,G1,0.660927152,0.339072848,0,0
AGTCAACAGGTTCCGC-1_4,m4,7430,2604,nb,0,0,0,0,0,0,4.563474584,FALSE,G1,0.783974863,0.155538099,0.060487038,0
AGTCAACAGTTTCAGC-1_4,m4,2178,1235,nb,0,0,0,0,0,0,3.950159067,FALSE,G1,0.63172043,0.196236559,0.172043011,0
AGTCAACCACTTACAG-1_4,m4,1211,749,nb,0,0,0,0,0,0,5.642127888,FALSE,G1,0.47629548,0.509371555,0.014332966,0
AGTCATGCATGACAGG-1_4,m4,14813,4495,nb,0,0,0,0,0,0,2.957074722,FALSE,G2M,0.006507592,0.321041215,0.672451193,0
AGTGTTGGTTCTAAGC-1_4,m4,5501,2600,TCCAGTCTACTATCGTTACGACGCTACTACCG,0.32745827,19451.02121,0.172291613,10196.90683,TCCAGTCTACTATCGTTACGACGCTACTACCG_JCW26_M3,0.00252242,3.918752565,TRUE,G1,0.62305296,0.37694704,0,0.655244315
AGTTAGCTCAGCGTCG-1_4,m4,7799,3136,nb,0,0,0,0,0,0,4.145577248,FALSE,G2M,0,0.164016736,0.835983264,0
AGTTAGCTCCTACGGG-1_4,m4,20703,4515,TCCAGTAGCTACTATCGTTACGACGCTACTACCG,0.014869888,883.2713755,0,0,TCCAGTAGCTACTATCGTTACGACGCTACTACCG_JCW26_M3,0.00039246,3.354116796,TRUE,G1,0.926784059,0.073215941,0,1
AGTTAGCTCGCTTAAG-1_4,m4,2453,1159,nb,0,0,0,0,0,0,6.472957422,FALSE,G1,0.446086481,0.540229885,0.013683634,0
ATACCGAAGACGGTCA-1_4,m4,6789,2956,TCCAGTCTACTATCGTTACGACGCTACTACCG,0.32745827,19451.02121,0.172291613,10196.90683,TCCAGTCTACTATCGTTACGACGCTACTACCG_JCW26_M3,0.00252242,4.759309718,TRUE,G1,0.518134715,0.481865285,0,0.655244315
ATACCGAGTCGGCCTA-1_4,m4,12920,3591,TCCAGTACTATCGTTACGTAGCTACTACCG,0,0,0.013771952,815.079229,TCCAGTACTATCGTTACGTAGCTACTACCG_JCW26_M3,0.00110964,6.816009558,TRUE,S,0.520080321,0.162650602,0.317269076,0
ATACCGAGTGGCCACT-1_4,m4,11998,3391,nb,0,0,0,0,0,0,2.295949772,FALSE,G2M,0.017126546,0.08943863,0.893434824,0
ATACTTCCAGAGTAAT-1_4,m4,5248,1734,nb,0,0,0,0,0,0,2.293647201,FALSE,G1,0.717595945,0.160753077,0.121650978,0
ATCACAGCAGAGGTAC-1_4,m4,6539,2914,nb,0,0,0,0,0,0,3.274104807,FALSE,G1,0.656598818,0.343401182,0,0
ATCACGATCACGTAGT-1_4,m4,17798,4085,nb,0,0,0,0,0,0,4.554117106,FALSE,G1,0.640204866,0.359795134,0,0
ATCACGATCCTCTCGA-1_4,m4,25015,4928,TCCAGTCTACTATCGTTACGACGCTACTACCG,0.32745827,19451.02121,0.172291613,10196.90683,TCCAGTCTACTATCGTTACGACGCTACTACCG_JCW26_M3,0.00252242,3.020433892,TRUE,S,0.571428571,0.022432113,0.406139315,0.655244315
ATCAGGTTCCACGTCT-1_4,m4,5682,2606,nb,0,0,0,0,0,0,2.277271717,FALSE,G2M,0.027548209,0.056932966,0.915518825,0
ATCATTCGTATGCGGA-1_4,m4,18695,3194,nb,0,0,0,0,0,0,2.245791824,FALSE,S,0.2906641,0.315688162,0.393647738,0
ATCCACCAGTTCAACC-1_4,m4,9697,3622,nb,0,0,0,0,0,0,2.716175625,FALSE,G1,0.728862974,0.271137026,0,0
ATCGCCTCAAGAATGT-1_4,m4,4856,2095,nb,0,0,0,0,0,0,2.269067486,FALSE,G1,0.914913083,0.070448307,0.014638609,0
ATCGGCGAGTCGGCAA-1_4,m4,3882,2048,TCCAGTCTACTATCGTTACGACGCTACTACCG,0.32745827,19451.02121,0.172291613,10196.90683,TCCAGTCTACTATCGTTACGACGCTACTACCG_JCW26_M3,0.00252242,4.100601422,TRUE,G1,0.867302689,0.132697311,0,0.655244315
ATCGGCGTCTGATTCT-1_4,m4,850,567,nb,0,0,0,0,0,0,2.178649237,FALSE,S,0.373198847,0.093659942,0.53314121,0
ATCTCTAAGTCACGCC-1_4,m4,6184,2814,TCCAGTTACGACGCCG,0.013317297,791.0474524,0,0,TCCAGTTACGACGCCG_JCW26_M3,0,4.308055474,TRUE,G1,0.798722045,0.201277955,0,1
ATCTTCAAGACTAAGT-1_4,m4,6275,2835,TCCAGTCTACTATCGTTACGACGCTACTACCG,0.32745827,19451.02121,0.172291613,10196.90683,TCCAGTCTACTATCGTTACGACGCTACTACCG_JCW26_M3,0.00252242,3.904576436,TRUE,G1,0.663129973,0.336870027,0,0.655244315
ATGAGTCCAAGTCCCG-1_4,m4,13635,2983,nb,0,0,0,0,0,0,3.190006135,FALSE,S,0.365364308,0.20063358,0.434002112,0
ATGATCGCACCGTGCA-1_4,m4,20632,5286,nb,0,0,0,0,0,0,4.083728838,FALSE,G1,0.528715216,0.470692718,0.000592066,0
ATGCATGTCTTCGACC-1_4,m4,21510,4734,nb,0,0,0,0,0,0,2.939319922,FALSE,G1,0.881673882,0.079365079,0.038961039,0
ATGGAGGCAAGCGAAC-1_4,m4,4717,2340,nb,0,0,0,0,0,0,4.042553191,FALSE,G1,0.796761134,0.1951417,0.008097166,0
ATGGGAGGTGGAACCA-1_4,m4,20449,4084,nb,0,0,0,0,0,0,2.672448568,FALSE,S,0.2525,0.42625,0.32125,0
ATGGTTGAGAATTCAG-1_4,m4,2974,1805,nb,0,0,0,0,0,0,2.73642732,FALSE,G1,0.696927374,0.303072626,0,0
ATGTCTTGTTCCAAAC-1_4,m4,32149,5282,nb,0,0,0,0,0,0,2.346494897,FALSE,G1,0.849171752,0.149956408,0.00087184,0
ATGTCTTTCTCAATCT-1_4,m4,6410,2847,nb,0,0,0,0,0,0,4.747182607,FALSE,G1,0.70260747,0.295278365,0.002114165,0
ATTATCCTCTCATGGA-1_4,m4,6106,1611,nb,0,0,0,0,0,0,2.572539635,FALSE,G1,0.880176211,0.100440529,0.01938326,0
ATTCACTCATGGAAGC-1_4,m4,6857,2886,TCCAGTTACGACGCCG,0.013317297,791.0474524,0,0,TCCAGTTACGACGCCG_JCW26_M3,0,3.649017211,TRUE,G1,0.959692898,0.040307102,0,1
ATTCCATGTATGAAGT-1_4,m4,1812,1072,nb,0,0,0,0,0,0,4.978902954,FALSE,G1,0.561473088,0.434560907,0.003966006,0
ATTCCCGTCTACTTCA-1_4,m4,6514,2825,TCCAGTCGTTAGCTACTACCG,0.137787011,8184.548436,0.10588195,6266.517317,TCCAGTCGTTAGCTACTACCG_JCW26_M3,0.000301336,2.807796218,TRUE,G2M,0.065447546,0.390760346,0.543792108,0.565468045
ATTCCCGTCTGTTCAT-1_4,m4,5749,2670,nb,0,0,0,0,0,0,4.496891997,FALSE,G1,0.724637681,0.275362319,0,0
ATTCCTATCATTTCGT-1_4,m4,8106,3198,nb,0,0,0,0,0,0,3.218645949,FALSE,G1,0.963391137,0.036608863,0,0
ATTGGGTTCCCGATCT-1_4,m4,5084,1553,nb,0,0,0,0,0,0,4.828592268,FALSE,G2M,0.207729469,0.109903382,0.68236715,0
ATTTCACCAGTGGCTC-1_4,m4,30730,5430,TCCAGTCTACTATCGTTACGACGCTACTACCG,0.32745827,19451.02121,0.172291613,10196.90683,TCCAGTCTACTATCGTTACGACGCTACTACCG_JCW26_M3,0.00252242,2.768202902,TRUE,G2M,0.009626955,0.104693141,0.885679904,0.655244315
CAACAACTCTCCGCAT-1_4,m4,16847,4519,nb,0,0,0,0,0,0,2.807403335,FALSE,G2M,0.001003009,0,0.998996991,0
CAACAGTTCGACGCTG-1_4,m4,2170,1158,nb,0,0,0,0,0,0,6.309041835,FALSE,G1,0.672572644,0.220411056,0.1070163,0
CAACGATGTATTTCGG-1_4,m4,16161,4010,nb,0,0,0,0,0,0,3.743293937,FALSE,G1,0.804719284,0.195280716,0,0
CAACGGCGTCAGGTAG-1_4,m4,11798,3671,nb,0,0,0,0,0,0,3.586116963,FALSE,G1,0.868809731,0.131190269,0,0
CAAGACTCACTAGTAC-1_4,m4,16813,4432,TCCAGTCTACTATCGTTACGACGCTACTACCG,0.32745827,19451.02121,0.172291613,10196.90683,TCCAGTCTACTATCGTTACGACGCTACTACCG_JCW26_M3,0.00252242,2.995771519,TRUE,G1,0.920810313,0.079189687,0,0.655244315
CAAGACTTCCCTGTTG-1_4,m4,5398,2534,nb,0,0,0,0,0,0,4.120134446,FALSE,G1,0.74906367,0.25093633,0,0
CAAGAGGTCGGTAGGA-1_4,m4,1296,745,nb,0,0,0,0,0,0,4.388422035,FALSE,G1,0.54368932,0.329350261,0.126960418,0
CAAGCTACAGCCGTCA-1_4,m4,24807,4975,nb,0,0,0,0,0,0,2.52409737,FALSE,S,0.272143774,0.096277279,0.631578947,0
CAAGGGAAGACTCTAC-1_4,m4,31327,5378,nb,0,0,0,0,0,0,3.47008547,FALSE,G2M,0.167839196,0.093467337,0.738693467,0
CAATCGAAGGTTGACG-1_4,m4,19185,3938,nb,0,0,0,0,0,0,3.18692253,FALSE,G1,0.792962357,0.207037643,0,0
CACACAAAGCTAGTTC-1_4,m4,726,491,nb,0,0,0,0,0,0,5.78680203,FALSE,G1,0.663319946,0.33601071,0.000669344,0
CACAGATGTGAGGCAT-1_4,m4,21589,4519,nb,0,0,0,0,0,0,2.629825933,FALSE,G1,0.958772771,0.041227229,0,0
CACAGGCTCATGACAC-1_4,m4,22666,4764,TCCAGCTACTATCGTTACGCTACTACCG,0.02745098,1630.588235,0,0,TCCAGCTACTATCGTTACGCTACTACCG_JCW26_M3,0.000822137,2.77897458,TRUE,G2M,0.191446029,0.133401222,0.675152749,1
CACATGACAAGTGGGT-1_4,m4,5484,2784,nb,0,0,0,0,0,0,2.665289256,FALSE,G1,0.527580557,0.472419443,0,0
CACCGTTGTGTAGTGG-1_4,m4,9878,3831,TCCAGTTACGACGCCG,0.013317297,791.0474524,0,0,TCCAGTTACGACGCCG_JCW26_M3,0,3.760455002,TRUE,G2M,0.000999001,0.000999001,0.998001998,1
CACGGGTGTACTGTTG-1_4,m4,11560,3766,nb,0,0,0,0,0,0,2.068797268,FALSE,G1,0.670241287,0.329758713,0,0
CACGTTCGTTAGAGAT-1_4,m4,8617,2688,nb,0,0,0,0,0,0,2.492482988,FALSE,S,0.266976744,0.72744186,0.005581395,0
CACTAAGTCCGTGGGT-1_4,m4,7841,3236,TCCAGTCTACTATCGTTACGACGCTACTACCG,0.32745827,19451.02121,0.172291613,10196.90683,TCCAGTCTACTATCGTTACGACGCTACTACCG_JCW26_M3,0.00252242,3.991705547,TRUE,G1,0.630914826,0.369085174,0,0.655244315
CACTGTCGTGTTGATC-1_4,m4,18881,4206,nb,0,0,0,0,0,0,2.877495877,FALSE,G1,0.78972332,0.21027668,0,0
CACTTCGAGCGATGCA-1_4,m4,19575,4253,nb,0,0,0,0,0,0,2.475693474,FALSE,G1,0.786590352,0.213409648,0,0
CAGGCCAAGCCGGATA-1_4,m4,2431,1296,nb,0,0,0,0,0,0,7.512787724,FALSE,G1,0.636537237,0.363462763,0,0
CAGTGCGTCCACCTGT-1_4,m4,10234,3683,TCCAGTACTATCGTTACGAAGCTACTACCG,0.062256724,3698.049421,0.090310974,5344.964688,TCCAGTACTATCGTTACGAAGCTACTACCG_JCW26_M3,0.000231876,3.164333608,TRUE,G1,0.588581519,0.411418481,0,0.408059667
CAGTTCCCAGGTGTGA-1_4,m4,6288,2514,nb,0,0,0,0,0,0,2.347039326,FALSE,G1,0.801282051,0.198717949,0,0
CATAAGCCAGGGATAC-1_4,m4,19759,4444,nb,0,0,0,0,0,0,2.69832882,FALSE,G1,0.530578512,0.469421488,0,0
CATCAAGCATAGGTAA-1_4,m4,2198,1031,nb,0,0,0,0,0,0,2.348460806,FALSE,G2M,0.15603382,0.295926211,0.548039969,0
CATCGGGTCTGCTAGA-1_4,m4,6434,2916,nb,0,0,0,0,0,0,4.06971521,FALSE,G1,0.767459708,0.232540292,0,0
CATGCAAAGATCGCTT-1_4,m4,4836,1826,nb,0,0,0,0,0,0,2.333906071,FALSE,G2M,0,0.280057595,0.719942405,0
CATGCTCTCTGTAACG-1_4,m4,14012,3771,nb,0,0,0,0,0,0,2.127930143,FALSE,G1,0.656808803,0.343191197,0,0
CATTCATTCGTGTGAT-1_4,m4,7705,2932,nb,0,0,0,0,0,0,2.57151552,FALSE,G1,0.963391137,0.036608863,0,0
CATTCTAGTATCGCGC-1_4,m4,3268,999,nb,0,0,0,0,0,0,8.425334108,FALSE,G1,0.721112076,0.072980017,0.205907906,0
CATTCTAGTCAGTCCG-1_4,m4,12370,3855,nb,0,0,0,0,0,0,2.816289068,FALSE,G1,0.797923323,0.202076677,0,0
CATTCTATCCTTGACC-1_4,m4,22269,4631,nb,0,0,0,0,0,0,2.713210357,FALSE,G1,0.726572529,0.201540436,0.071887035,0
CATTTCAAGAACTCCT-1_4,m4,7032,2139,TCCAGTAGGACTATCGTTACACGTAGCTACTACCG,0.030250018,1796.851082,0.028390302,1680.251658,TCCAGTAGGACTATCGTTACACGTAGCTACTACCG_JCW26_M3,6.65E-07,2.197136147,TRUE,G1,0.965517241,0.032392894,0.002089864,0.515856973
CCAAGCGCAACTAGAA-1_4,m4,22203,4750,nb,0,0,0,0,0,0,4.194842407,FALSE,G1,0.904977376,0.095022624,0,0
CCAAGCGTCCCGTGTT-1_4,m4,7488,2552,nb,0,0,0,0,0,0,3.754114403,FALSE,G2M,0,0.197590361,0.802409639,0
CCAATGAAGAGGCGGA-1_4,m4,15394,4194,TCCAGTCTACTATCGTTACGACGCTACTACCG,0.32745827,19451.02121,0.172291613,10196.90683,TCCAGTCTACTATCGTTACGACGCTACTACCG_JCW26_M3,0.00252242,2.838857893,TRUE,S,0.283905967,0.707052441,0.009041591,0.655244315
CCAATGATCAACTTTC-1_4,m4,16605,3898,TCCAGTAGCTATCGTTACGGCTACTACCG,0.027042787,1606.34157,0.063008652,3729.104086,TCCAGTAGCTATCGTTACGGCTACTACCG_JCW26_M3,0.000117708,2.680171731,TRUE,G2M,0.024546425,0.025613661,0.949839915,0.300303774
CCAATTTTCATTCGGA-1_4,m4,16503,4160,nb,0,0,0,0,0,0,3.647944412,FALSE,G1,0.573149742,0.426850258,0,0
CCACACTAGTACGAGC-1_4,m4,20549,4859,TCCAGTCTACTATCGTTACGACGCTACTACCG,0.32745827,19451.02121,0.172291613,10196.90683,TCCAGTCTACTATCGTTACGACGCTACTACCG_JCW26_M3,0.00252242,4.401403172,TRUE,G1,0.873987399,0.126012601,0,0.655244315
CCACGAGAGGATGAGA-1_4,m4,16853,3472,nb,0,0,0,0,0,0,2.754633566,FALSE,G1,0.816050496,0.183047791,0.000901713,0
CCACGAGCACCTCTGT-1_4,m4,2542,1337,nb,0,0,0,0,0,0,2.9342723,FALSE,G1,0.854424358,0.1094196,0.036156042,0
CCACTTGTCAGGGTAG-1_4,m4,24263,5006,TCCACTATCGTTACGACGCCG,0.007843137,465.8823529,0.00693909,410.6831149,TCCACTATCGTTACGACGCCG_JCW26_M3,0.000140826,3.060120291,TRUE,G1,0.655270655,0.332621083,0.012108262,0.53057885
CCCGGAATCTACGGTA-1_4,m4,14752,3889,TCCAGTACTACCG,0.24900503,14790.89875,0.16975242,10046.62723,TCCAGTACTACCG_JCW26_M3,0,4.100309542,TRUE,G1,0.730797366,0.269202634,0,0.594628299
CCCTCAACATTACGGT-1_4,m4,738,469,TCCACTATCGTTACGACGCCG,0.007843137,465.8823529,0.00693909,410.6831149,TCCACTATCGTTACGACGCCG_JCW26_M3,0.000140826,2.031394275,TRUE,G2M,0.129612961,0.225022502,0.645364536,0.53057885
CCCTCAATCTGGAAGG-1_4,m4,13962,3881,TCCGATCTACTATCGTAGCTACTACCG,0,0,0,0,TCCGATCTACTATCGTAGCTACTACCG_JCW26_M3,6.29E-05,5.054669296,TRUE,G1,0.648859935,0.351140065,0,0
CCCTGATTCTCGCAGG-1_4,m4,10939,3597,TCCAGTACTATCGTTACGAAGCTACTACCG,0.062256724,3698.049421,0.090310974,5344.964688,TCCAGTACTATCGTTACGAAGCTACTACCG_JCW26_M3,0.000231876,9.846218078,TRUE,G2M,0.104193139,0.036848793,0.858958069,0.408059667
CCGGACATCGGTGTAT-1_4,m4,1115,611,nb,0,0,0,0,0,0,3.806015961,FALSE,G2M,0.444885012,0.049167328,0.505947661,0
CCGGGTAAGCTTAGTC-1_4,m4,4627,2238,TCCAGTCTACTATCGTTACGACGCTACTACCG,0.32745827,19451.02121,0.172291613,10196.90683,TCCAGTCTACTATCGTTACGACGCTACTACCG_JCW26_M3,0.00252242,2.742474916,TRUE,G1,0.623441397,0.376558603,0,0.655244315
CCGGTGAGTGAGCGAT-1_4,m4,663,472,nb,0,0,0,0,0,0,2.032913843,FALSE,G1,0.720379147,0.207582938,0.072037915,0
CCTAACCCAAATGCGG-1_4,m4,5350,2512,nb,0,0,0,0,0,0,3.336738168,FALSE,G1,0.839630563,0.160369437,0,0
CCTAACCGTCCGAAAG-1_4,m4,10882,3068,nb,0,0,0,0,0,0,2.222067912,FALSE,G2M,0.200525394,0.00262697,0.796847636,0
CCTACGTCAGGTCAAG-1_4,m4,24599,4729,TCCAGTCTATCGTTACGGCTACTACCG,0.009803922,582.3529412,0,0,TCCAGTCTATCGTTACGGCTACTACCG_JCW26_M3,0.000615881,5.121073716,TRUE,G2M,0.427152318,0.008278146,0.564569536,1
CCTACGTGTGTTCGTA-1_4,m4,7805,3030,nb,0,0,0,0,0,0,4.089004479,FALSE,G1,0.733675715,0.266324285,0,0
CCTATCGGTCGCCACA-1_4,m4,11552,3410,TCCAGTAGCTATCGTTACGGCTACTACCG,0.027042787,1606.34157,0.063008652,3729.104086,TCCAGTAGCTATCGTTACGGCTACTACCG_JCW26_M3,0.000117708,3.439328175,TRUE,G2M,0.097943193,0.278158668,0.623898139,0.300303774
CCTATCGGTTTGTGGT-1_4,m4,15674,3839,nb,0,0,0,0,0,0,2.795772247,FALSE,S,0.345045045,0.563063063,0.091891892,0
CCTGCATAGGCCCAAA-1_4,m4,18511,4282,nb,0,0,0,0,0,0,2.989697663,FALSE,G1,0.956609485,0.038345106,0.005045409,0
CCTGTTGGTCGTATGT-1_4,m4,10576,3550,TCCAGTCTACTATCGTTACGACGCTACTACCG,0.32745827,19451.02121,0.172291613,10196.90683,TCCAGTCTACTATCGTTACGACGCTACTACCG_JCW26_M3,0.00252242,3.116968338,TRUE,G1,0.776827372,0.223172628,0,0.655244315
CGAAGGATCCAGGACC-1_4,m4,28477,5207,TCCAGTCTATCGTTACGGCTACTACCG,0.009803922,582.3529412,0,0,TCCAGTCTATCGTTACGGCTACTACCG_JCW26_M3,0.000615881,3.922712686,TRUE,G1,0.865800866,0.134199134,0,1
CGAAGTTGTCCAAGAG-1_4,m4,26530,4092,nb,0,0,0,0,0,0,2.077712655,FALSE,G1,0.603937008,0.395275591,0.000787402,0
CGAATTGCACGTACTA-1_4,m4,13734,3580,nb,0,0,0,0,0,0,3.90519526,FALSE,G1,0.607055961,0.392944039,0,0
CGAATTGGTCGATTTG-1_4,m4,16524,4330,TCCAGTACTATCGTTACGAAGCTACTACCG,0.062256724,3698.049421,0.090310974,5344.964688,TCCAGTACTATCGTTACGAAGCTACTACCG_JCW26_M3,0.000231876,5.42997543,TRUE,G1,0.755648536,0.244351464,0,0.408059667
CGAGAAGAGCTCGGCT-1_4,m4,16743,4397,nb,0,0,0,0,0,0,5.927145503,FALSE,G2M,0,0.077562327,0.922437673,0
CGAGTTACACCAGACC-1_4,m4,5966,2624,nb,0,0,0,0,0,0,3.788108984,FALSE,G1,0.78369906,0.21630094,0,0
CGAGTTATCACGGACC-1_4,m4,10743,3663,TCCAGTACTATCGTTACGAAGCTACTACCG,0.062256724,3698.049421,0.090310974,5344.964688,TCCAGTACTATCGTTACGAAGCTACTACCG_JCW26_M3,0.000231876,2.117467748,TRUE,G2M,0,0.202551834,0.797448166,0.408059667
CGAGTTATCTTAATCC-1_4,m4,22744,4563,nb,0,0,0,0,0,0,2.560965663,FALSE,G1,0.934024505,0.065032988,0.000942507,0
CGCATAAAGTGCGACA-1_4,m4,4644,2254,TCCAGTAGACTATCGTTACGGCTACTACCG,0,0,0,0,TCCAGTAGACTATCGTTACGGCTACTACCG_JCW26_M3,8.52E-05,3.562020387,TRUE,G1,0.904977376,0.095022624,0,0
CGCATAAGTCAGCTTA-1_4,m4,10834,1592,nb,0,0,0,0,0,0,4.574431427,FALSE,G1,0.81440678,0.079661017,0.105932203,0
CGCCAGAGTCCTGTTC-1_4,m4,9934,1676,nb,0,0,0,0,0,0,2.853356202,FALSE,G1,0.649110807,0.158686731,0.192202462,0
CGCCATTAGGTACAGC-1_4,m4,8147,3119,nb,0,0,0,0,0,0,2.625975869,FALSE,G2M,0,0.006951341,0.993048659,0
CGGAACCGTAGACGGT-1_4,m4,7066,2985,TCCAGTACTATCGTTTAGCTACTACCG,0.044813762,2661.937459,0.039078215,2312.805058,TCCAGTACTATCGTTTAGCTACTACCG_JCW26_M3,0.000131171,3.522302616,TRUE,G1,0.773993808,0.226006192,0,0.534184121
CGGGCATTCGGTTGTA-1_4,m4,4650,2362,TCCAGTCTATCGTTACGGCTACTACCG,0.009803922,582.3529412,0,0,TCCAGTCTATCGTTACGGCTACTACCG_JCW26_M3,0.000615881,2.324794041,TRUE,G1,0.69637883,0.30362117,0,1
CGGGTCAGTCGCAGTC-1_4,m4,4991,1983,nb,0,0,0,0,0,0,2.177835052,FALSE,G1,0.50435365,0.477561956,0.018084394,0
CGTAATGGTCGTCTCT-1_4,m4,5992,2411,nb,0,0,0,0,0,0,3.435025617,FALSE,G1,0.590219224,0.284148398,0.125632378,0
CGTAGTACAATAGGAT-1_4,m4,14535,3869,nb,0,0,0,0,0,0,4.323465831,FALSE,G1,0.951382269,0.048617731,0,0
CGTCCATGTCGTCGGT-1_4,m4,15115,4025,nb,0,0,0,0,0,0,2.426912295,FALSE,S,0.536374846,0.001233046,0.462392109,0
CGTGAATGTGGGCTCT-1_4,m4,6315,3002,nb,0,0,0,0,0,0,4.511130725,FALSE,G1,0.757002271,0.242997729,0,0
CGTGCTTGTTATCCAG-1_4,m4,20808,3978,nb,0,0,0,0,0,0,6.772176631,FALSE,G2M,0,0.116607774,0.883392226,0
CGTGCTTTCGGAAACG-1_4,m4,8151,3226,TCCAGTCTACTATCGTTACGACGCTACTACCG,0.32745827,19451.02121,0.172291613,10196.90683,TCCAGTCTACTATCGTTACGACGCTACTACCG_JCW26_M3,0.00252242,3.620187145,TRUE,G1,0.929302326,0.070697674,0,0.655244315
CGTTCTGCATGTTCAG-1_4,m4,3549,1674,nb,0,0,0,0,0,0,3.173893608,FALSE,G1,0.828257191,0.068527919,0.10321489,0
CGTTCTGTCCGCAACG-1_4,m4,6867,3062,TCCAGTACTATCGTTACGACGTAGCTACTACCG,0.001960784,116.4705882,0,0,TCCAGTACTATCGTTACGACGTAGCTACTACCG_JCW26_M3,0.00144722,4.362680683,TRUE,G1,0.515616728,0.484383272,0,1
CTAACCCTCGCGTGCA-1_4,m4,5322,2685,nb,0,0,0,0,0,0,3.82063601,FALSE,G1,0.971817298,0.028182702,0,0
CTAACTTCAGAAGCTG-1_4,m4,9366,3508,nb,0,0,0,0,0,0,3.786551678,FALSE,G2M,0.011730205,0.013685239,0.974584555,0
CTAACTTGTCACTACA-1_4,m4,9190,3601,TCCAGTACTACCG,0.24900503,14790.89875,0.16975242,10046.62723,TCCAGTACTACCG_JCW26_M3,0,2.559121056,TRUE,G1,0.783085356,0.216914644,0,0.594628299
CTAAGTGCAGGTCTCG-1_4,m4,11862,3929,TCCAGTAGCTATCGTTACGGCTACTACCG,0.027042787,1606.34157,0.063008652,3729.104086,TCCAGTAGCTATCGTTACGGCTACTACCG_JCW26_M3,0.000117708,3.383575884,TRUE,G2M,0.042372881,0.048022599,0.90960452,0.300303774
CTAAGTGTCAAAGGTA-1_4,m4,1080,688,nb,0,0,0,0,0,0,9.457755359,FALSE,S,0.296846011,0.58008658,0.123067409,0
CTACAGACAGATCCTA-1_4,m4,14670,4216,TCCAGTCTATCGTTACGAGCTACTACCG,0.118303083,7027.203149,0.00848111,501.9460293,TCCAGTCTATCGTTACGAGCTACTACCG_JCW26_M3,0.000805274,2.806045122,TRUE,G1,0.720647773,0.008097166,0.271255061,0.933105935
CTACATTAGGTGGGTT-1_4,m4,14259,3503,nb,0,0,0,0,0,0,5.06132989,FALSE,G1,0.596871239,0.403128761,0,0
CTACATTGTAGTACGG-1_4,m4,19663,4951,TCCAGTCTACTATCTACTACCG,0.013011152,772.8624535,0,0,TCCAGTCTACTATCTACTACCG_JCW26_M3,0.000161413,3.158501072,TRUE,G2M,0.001071811,0.139335477,0.859592712,1
CTACCTGCAGCCGGTT-1_4,m4,2699,1430,nb,0,0,0,0,0,0,3.415218694,FALSE,G1,0.612084063,0.262697023,0.125218914,0
CTACGGGAGGGTGAGG-1_4,m4,10515,3592,nb,0,0,0,0,0,0,8.493502978,FALSE,G2M,0.071011673,0.007782101,0.921206226,0
CTACTATAGGATTTGA-1_4,m4,16194,4129,nb,0,0,0,0,0,0,3.588702234,FALSE,G1,0.623904881,0.376095119,0,0
CTACTATCATACATCG-1_4,m4,3998,1747,nb,0,0,0,0,0,0,2.724699222,FALSE,G1,0.670503597,0.117985612,0.211510791,0
CTACTATCATCCGTTC-1_4,m4,18167,4494,nb,0,0,0,0,0,0,5.144489247,FALSE,G1,0.956410256,0,0.043589744,0
CTAGACAAGTCGCGAA-1_4,m4,7660,3081,nb,0,0,0,0,0,0,4.926022628,FALSE,G2M,0.016701461,0.004175365,0.979123173,0
CTATAGGAGATAGTCA-1_4,m4,19709,3049,nb,0,0,0,0,0,0,3.600096324,FALSE,G2M,0,0.048525214,0.951474786,0
CTATCCGCAGCCATTA-1_4,m4,4485,2387,TCCAGTCGTTAGCTACTACCG,0.137787011,8184.548436,0.10588195,6266.517317,TCCAGTCGTTAGCTACTACCG_JCW26_M3,0.000301336,5.420210466,TRUE,G1,0.668905306,0.331094694,0,0.565468045
CTATCTATCCTGTTAT-1_4,m4,5161,2440,nb,0,0,0,0,0,0,4.630035026,FALSE,G1,0.904632153,0.095367847,0,0
CTCAATTCACTGTGAT-1_4,m4,26808,4864,TCCAGTCTACTATCGTTACGACGCTACTACCG,0.32745827,19451.02121,0.172291613,10196.90683,TCCAGTCTACTATCGTTACGACGCTACTACCG_JCW26_M3,0.00252242,2.32141194,TRUE,G1,0.671370968,0.328629032,0,0.655244315
CTCAATTGTGGACCTC-1_4,m4,21393,4957,TCCAGTACTATCGTTACGACGCTACTACCG,0.174983599,10394.0258,0.058322625,3451.76623,TCCAGTACTATCGTTACGACGCTACTACCG_JCW26_M3,0.00123583,2.460894408,TRUE,G2M,0.000999001,0,0.999000999,0.750016849
CTCAATTTCAGCCCAG-1_4,m4,20971,4180,nb,0,0,0,0,0,0,4.510081358,FALSE,G2M,0,0.041227229,0.958772771,0
CTCACTGCAGGGTTGA-1_4,m4,7874,3130,nb,0,0,0,0,0,0,3.233541636,FALSE,G1,0.764478764,0.234749035,0.000772201,0
CTCAGAAAGGAATCGC-1_4,m4,5328,2568,nb,0,0,0,0,0,0,3.53844442,FALSE,G1,0.755488266,0.244511734,0,0
CTCAGTCCAGAAGCTG-1_4,m4,10809,3656,TCCAGTACTATCGTTACGAAGCTACTACCG,0.062256724,3698.049421,0.090310974,5344.964688,TCCAGTACTATCGTTACGAAGCTACTACCG_JCW26_M3,0.000231876,2.068408295,TRUE,G1,0.525486075,0.474513925,0,0.408059667
CTCATCGTCAGTCCGG-1_4,m4,5809,2745,TCCAGTACTATCGTTACGAAGCTACTACCG,0.062256724,3698.049421,0.090310974,5344.964688,TCCAGTACTATCGTTACGAAGCTACTACCG_JCW26_M3,0.000231876,3.195603501,TRUE,G1,0.605326877,0.394673123,0,0.408059667
CTCATGCAGCTCTTCC-1_4,m4,16610,4199,TCCAGTACTATCGTTACGACGCTACTACCG,0.174983599,10394.0258,0.058322625,3451.76623,TCCAGTACTATCGTTACGACGCTACTACCG_JCW26_M3,0.00123583,2.729979506,TRUE,G1,0.855575868,0.144424132,0,0.750016849
CTCCAACAGCCTAACT-1_4,m4,7915,3230,TCCAGTCTACTATCGTTACGACGCTACTACCG,0.32745827,19451.02121,0.172291613,10196.90683,TCCAGTCTACTATCGTTACGACGCTACTACCG_JCW26_M3,0.00252242,2.311702047,TRUE,G1,0.544857768,0.455142232,0,0.655244315
CTCCCAACACGACCTG-1_4,m4,4626,2353,nb,0,0,0,0,0,0,3.230597846,FALSE,G1,0.867302689,0.132697311,0,0
CTCCTCCCACCGTCTT-1_4,m4,7827,3354,nb,0,0,0,0,0,0,2.804065896,FALSE,G1,0.760853008,0.239146992,0,0
CTCCTTTGTATGCGGA-1_4,m4,28502,5266,TCCAGTCGTTACTACTACCG,0.052430935,3114.397551,0,0,TCCAGTCGTTACTACTACCG_JCW26_M3,0.000267174,2.384013352,TRUE,G1,0.771251932,0.22797527,0.000772798,1
CTCTCAGCACAACGAG-1_4,m4,14414,4002,TCCAGTCTACTATCGTTACGACGCTACTACCG,0.32745827,19451.02121,0.172291613,10196.90683,TCCAGTCTACTATCGTTACGACGCTACTACCG_JCW26_M3,0.00252242,2.179664861,TRUE,G1,0.745499182,0.254500818,0,0.655244315
CTGAGCGAGTGCTCGC-1_4,m4,13621,4014,TCCAGTACTATCGTTACGAAGCTACTACCG,0.062256724,3698.049421,0.090310974,5344.964688,TCCAGTACTATCGTTACGAAGCTACTACCG_JCW26_M3,0.000231876,3.774896935,TRUE,G1,0.853242321,0.145051195,0.001706485,0.408059667
CTGCCTAAGATAGGGA-1_4,m4,1857,1099,nb,0,0,0,0,0,0,2.168949772,FALSE,S,0.302853437,0.505836576,0.191309987,0
CTGCCTATCGACCTAA-1_4,m4,21110,4686,nb,0,0,0,0,0,0,3.312623303,FALSE,G1,0.731343284,0.268656716,0,0
CTGCCTATCGTCACCT-1_4,m4,11206,3851,nb,0,0,0,0,0,0,3.395375071,FALSE,G1,0.886524823,0.113475177,0,0
CTGCGAGCAAGCGAAC-1_4,m4,4938,2314,nb,0,0,0,0,0,0,4.436009963,FALSE,G1,0.718907261,0.281092739,0,0
CTGGACGAGATGCAGC-1_4,m4,5614,2614,TCCAGTACTATCGTTACGAAGCTACTACCG,0.062256724,3698.049421,0.090310974,5344.964688,TCCAGTACTATCGTTACGAAGCTACTACCG_JCW26_M3,0.000231876,5.085816574,TRUE,G1,0.727542687,0.270230141,0.002227171,0.408059667
CTGGTCTAGGAGAGGC-1_4,m4,6810,2695,nb,0,0,0,0,0,0,3.608913289,FALSE,G1,0.957854406,0.041187739,0.000957854,0
CTGTACCGTGTTCCAA-1_4,m4,1231,722,TCCAGTCTACTATCGTTACGACGCTACTACCG,0.32745827,19451.02121,0.172291613,10196.90683,TCCAGTCTACTATCGTTACGACGCTACTACCG_JCW26_M3,0.00252242,3.129131776,TRUE,G1,0.733573357,0.00360036,0.262826283,0.655244315
CTGTCGTAGTGATGGC-1_4,m4,2333,1119,TCCAGTCTACTATCGTTACGACGCTACTACCG,0.32745827,19451.02121,0.172291613,10196.90683,TCCAGTCTACTATCGTTACGACGCTACTACCG_JCW26_M3,0.00252242,2.034058657,TRUE,G1,0.715503876,0.282170543,0.002325581,0.655244315
CTTAGGACACCTGAAT-1_4,m4,6926,3081,TCCAGTGTAGCTACTACCG,0,0,0,0,TCCAGTGTAGCTACTACCG_JCW26_M3,0,3.940842276,TRUE,G1,0.52900811,0.466001248,0.004990643,0
CTTCAATGTATGTCAC-1_4,m4,17606,3989,nb,0,0,0,0,0,0,3.29507144,FALSE,G1,0.628705148,0.367394696,0.003900156,0
CTTCCGACAGGTTCGC-1_4,m4,4331,1797,nb,0,0,0,0,0,0,2.153602534,FALSE,G1,0.904977376,0.073303167,0.021719457,0
CTTCGGTTCCATCTAT-1_4,m4,17497,4343,TCCAGTCGTTACTACTACCG,0.052430935,3114.397551,0,0,TCCAGTCGTTACTACTACCG_JCW26_M3,0.000267174,2.305631968,TRUE,G1,0.883417085,0.091457286,0.025125628,1
CTTGATTAGAAACTGT-1_4,m4,23855,4956,TCCAGTACTATCGTTTAGCTACTACCG,0.044813762,2661.937459,0.039078215,2312.805058,TCCAGTACTATCGTTTAGCTACTACCG_JCW26_M3,0.000131171,2.366896101,TRUE,G1,0.958860759,0.040084388,0.001054852,0.534184121
CTTTCAAAGCGTTGTT-1_4,m4,1006,641,nb,0,0,0,0,0,0,5.178571429,FALSE,G1,0.443051202,0.504179728,0.05276907,0
CTTTCAACAGGGATAC-1_4,m4,8919,3286,TCCAGTCTACTATCGTTACGACGCTACTACCG,0.32745827,19451.02121,0.172291613,10196.90683,TCCAGTCTACTATCGTTACGACGCTACTACCG_JCW26_M3,0.00252242,2.547043011,TRUE,G1,0.685655456,0.314344544,0,0.655244315
CTTTCGGTCCATTTAC-1_4,m4,14692,4077,nb,0,0,0,0,0,0,3.418584825,FALSE,G1,0.884868421,0.105263158,0.009868421,0
GAAATGAGTGTTTCTT-1_4,m4,4870,2406,TCCAGTAGCTATCGTTACGGCTACTACCG,0.027042787,1606.34157,0.063008652,3729.104086,TCCAGTAGCTATCGTTACGGCTACTACCG_JCW26_M3,0.000117708,3.390407076,TRUE,G1,0.922150139,0.075996293,0.001853568,0.300303774
GAAATGATCATTTGTC-1_4,m4,15125,3514,nb,0,0,0,0,0,0,3.031181175,FALSE,G2M,0.16131989,0.181484876,0.657195234,0
GAAATGATCCCGAAAT-1_4,m4,13743,4144,nb,0,0,0,0,0,0,3.13111546,FALSE,G1,0.64516129,0.35483871,0,0
GAACGTTTCGCCCAGA-1_4,m4,6409,2819,TCCAGTACTATCGTTACGAAGCTACTACCG,0.062256724,3698.049421,0.090310974,5344.964688,TCCAGTACTATCGTTACGAAGCTACTACCG_JCW26_M3,0.000231876,3.186058792,TRUE,G1,0.753579503,0.246420497,0,0.408059667
GAACTGTCAGCTCGGT-1_4,m4,27749,5148,TCCAGTTATCGTTACGACGTAGCTACTACCG,0.024265617,1441.377651,0,0,TCCAGTTATCGTTACGACGTAGCTACTACCG_JCW26_M3,0.00119922,3.219641282,TRUE,G2M,0.018199234,0.045977011,0.935823755,1
GAACTGTGTCGCAGTC-1_4,m4,5960,2437,nb,0,0,0,0,0,0,2.881472562,FALSE,G1,0.670248489,0.329751511,0,0
GAAGAATCAAGTTCCA-1_4,m4,1271,764,nb,0,0,0,0,0,0,7.032115172,FALSE,G1,0.563013699,0.343150685,0.093835616,0
GAAGCCCAGTCGGCAA-1_4,m4,10819,3474,TCCAGTACTACCG,0.24900503,14790.89875,0.16975242,10046.62723,TCCAGTACTACCG_JCW26_M3,0,3.544116871,TRUE,S,0.058201058,0.164021164,0.777777778,0.594628299
GAAGCCCGTGACTAAA-1_4,m4,9184,3340,nb,0,0,0,0,0,0,2.280494217,FALSE,G1,0.533620226,0.466379774,0,0
GAAGCGACAGCAAGAC-1_4,m4,2885,1751,nb,0,0,0,0,0,0,5.764828304,FALSE,G1,0.933520599,0.057116105,0.009363296,0
GAAGGACGTCAGGTAG-1_4,m4,21695,4492,nb,0,0,0,0,0,0,3.270436633,FALSE,G1,0.527320955,0.472679045,0,0
GAAGGACTCACCTCAC-1_4,m4,21353,4572,TCCAGTCTACTATCGTTACGACGCTACTACCG,0.32745827,19451.02121,0.172291613,10196.90683,TCCAGTCTACTATCGTTACGACGCTACTACCG_JCW26_M3,0.00252242,3.409877509,TRUE,G1,0.984251969,0.015748031,0,0.655244315
GAAGGACTCTGCGTCT-1_4,m4,1122,685,nb,0,0,0,0,0,0,7.591623037,FALSE,G1,0.937030075,0.045112782,0.017857143,0
GAATAGAGTCCAGAAG-1_4,m4,8588,3231,TCCAGTCTATCGTTACGGCTACTACCG,0.009803922,582.3529412,0,0,TCCAGTCTATCGTTACGGCTACTACCG_JCW26_M3,0.000615881,3.674768519,TRUE,S,0.51994302,0.193732194,0.286324786,1
GAATCGTGTAACGTTC-1_4,m4,13313,3498,nb,0,0,0,0,0,0,2.990904227,FALSE,G1,0.992063492,0.007936508,0,0
GACAGCCTCCTCACGT-1_4,m4,6951,3198,nb,0,0,0,0,0,0,5.753946043,FALSE,G1,0.708717222,0.291282778,0,0
GACCCTTCACATGGTT-1_4,m4,7323,3141,nb,0,0,0,0,0,0,3.504067221,FALSE,G1,0.51072523,0.48927477,0,0
GACTCTCAGTCGAGGT-1_4,m4,17883,4352,nb,0,0,0,0,0,0,3.798998446,FALSE,G1,0.518562169,0.479080731,0.002357101,0
GACTTCCAGAGTTCGG-1_4,m4,14050,3572,nb,0,0,0,0,0,0,2.857788831,FALSE,G1,0.793800539,0.035040431,0.17115903,0
GAGACCCCACCTTCCA-1_4,m4,4996,2451,TCCAGTCTACTATCGTTACGACGCTACTACCG,0.32745827,19451.02121,0.172291613,10196.90683,TCCAGTCTACTATCGTTACGACGCTACTACCG_JCW26_M3,0.00252242,3.694676074,TRUE,G1,0.873362445,0.126637555,0,0.655244315
GAGAGGTAGCCGCACT-1_4,m4,22387,4761,nb,0,0,0,0,0,0,2.907599001,FALSE,S,0.406035665,0.393689986,0.200274348,0
GAGCTGCCACGGATCC-1_4,m4,6815,3254,nb,0,0,0,0,0,0,4.402785217,FALSE,G1,0.700987306,0.296897038,0.002115656,0
GAGCTGCGTCGTACAT-1_4,m4,703,431,nb,0,0,0,0,0,0,9.418282548,FALSE,G1,0.581020591,0.115487914,0.303491495,0
GAGGGATAGAAACACT-1_4,m4,7490,2811,nb,0,0,0,0,0,0,4.210049796,FALSE,G1,0.800640512,0.199359488,0,0
GAGGGTAGTCTTTATC-1_4,m4,11645,3664,TCCAGTCTACTATCGTTACGACGCTACTACCG,0.32745827,19451.02121,0.172291613,10196.90683,TCCAGTCTACTATCGTTACGACGCTACTACCG_JCW26_M3,0.00252242,3.100976522,TRUE,S,0.345982143,0.107142857,0.546875,0.655244315
GAGTCTAGTAGCGCTC-1_4,m4,13165,3908,TCCAGTCTACTATCGTTACGACGCTACTACCG,0.32745827,19451.02121,0.172291613,10196.90683,TCCAGTCTACTATCGTTACGACGCTACTACCG_JCW26_M3,0.00252242,2.425852147,TRUE,G1,0.942507069,0.057492931,0,0.655244315
GAGTGAGCAATAAGGT-1_4,m4,2093,1410,nb,0,0,0,0,0,0,4.951728434,FALSE,G1,0.515778583,0.484221417,0,0
GAGTGTTCATGGAAGC-1_4,m4,2350,1163,nb,0,0,0,0,0,0,6.896551724,FALSE,G2M,0.328038674,0.046270718,0.625690608,0
GAGTTACCACTGGCGT-1_4,m4,4478,2193,nb,0,0,0,0,0,0,4.353626,FALSE,G1,0.633702017,0.355888094,0.010409889,0
GAGTTTGAGGAGGCAG-1_4,m4,2350,1259,nb,0,0,0,0,0,0,2.492113565,FALSE,S,0.248796148,0.56741573,0.183788122,0
GAGTTTGCAGTGGTGA-1_4,m4,28739,5100,TCCAGTACTATCGTTACGAAGCTACTACCG,0.062256724,3698.049421,0.090310974,5344.964688,TCCAGTACTATCGTTACGAAGCTACTACCG_JCW26_M3,0.000231876,3.033153608,TRUE,G1,0.912408759,0.087591241,0,0.408059667
GATCAGTCAGGCGAAT-1_4,m4,3801,1955,TCCAGTCTACTATCGTTACGACGCTACTACCG,0.32745827,19451.02121,0.172291613,10196.90683,TCCAGTCTACTATCGTTACGACGCTACTACCG_JCW26_M3,0.00252242,4.119479049,TRUE,G1,0.909918107,0.090081893,0,0.655244315
GATCAGTTCGCTTGAA-1_4,m4,7558,3182,nb,0,0,0,0,0,0,3.217158177,FALSE,G1,0.960614793,0.039385207,0,0
GATGACTAGAAGGCTC-1_4,m4,6523,2288,nb,0,0,0,0,0,0,2.236388337,FALSE,G1,0.84020185,0.154751892,0.005046257,0
GATGACTAGCGTCTCG-1_4,m4,18247,4105,nb,0,0,0,0,0,0,2.945251574,FALSE,G1,0.938086304,0.061913696,0,0
GATGACTCAATGGCCC-1_4,m4,9131,2111,nb,0,0,0,0,0,0,7.122223329,FALSE,G1,0.770542636,0.224806202,0.004651163,0
GATGAGGCACCATTCC-1_4,m4,9706,3059,nb,0,0,0,0,0,0,2.532367071,FALSE,G2M,0,0.001996008,0.998003992,0
GATGATCAGGAACTAT-1_4,m4,8459,3254,TCCAGTACTATCGTTTAGCTACTACCG,0.044813762,2661.937459,0.039078215,2312.805058,TCCAGTACTATCGTTTAGCTACTACCG_JCW26_M3,0.000131171,3.049953681,TRUE,G1,0.64061499,0.35938501,0,0.534184121
GATGTTGTCCGAGAAG-1_4,m4,3506,1855,TCCAGTCTATCGTTACGGCTACTACCG,0.009803922,582.3529412,0,0,TCCAGTCTATCGTTACGGCTACTACCG_JCW26_M3,0.000615881,4.090612777,TRUE,G1,0.878734622,0.121265378,0,1
GATTCGAAGGGAGGTG-1_4,m4,4275,2153,nb,0,0,0,0,0,0,4.759441283,FALSE,G1,0.780564263,0.218652038,0.000783699,0
GATTCGAAGGTACAGC-1_4,m4,23676,4835,TCCAGTACTATCGTTACGAAGCTACTACCG,0.062256724,3698.049421,0.090310974,5344.964688,TCCAGTACTATCGTTACGAAGCTACTACCG_JCW26_M3,0.000231876,3.060427835,TRUE,G1,0.95681382,0.041266795,0.001919386,0.408059667
GATTCGATCTGGACTA-1_4,m4,4428,2195,nb,0,0,0,0,0,0,5.753823744,FALSE,G1,0.80713128,0.141004862,0.051863857,0
GCAACCGGTCATCAGT-1_4,m4,17210,3992,nb,0,0,0,0,0,0,2.053886926,FALSE,G2M,0.001996008,0,0.998003992,0
GCACATAGTACAGTTC-1_4,m4,9687,3328,nb,0,0,0,0,0,0,2.543352601,FALSE,G1,0.784313725,0.215686275,0,0
GCACGTGTCCGCAGTG-1_4,m4,18535,4408,nb,0,0,0,0,0,0,3.28999472,FALSE,G1,0.522105263,0.477894737,0,0
GCACTAAAGGCATGCA-1_4,m4,8562,3395,nb,0,0,0,0,0,0,3.406785589,FALSE,G1,0.589970501,0.410029499,0,0
GCATTAGCAAGGTCTT-1_4,m4,18947,4451,nb,0,0,0,0,0,0,3.127843137,FALSE,G1,0.982318271,0.017681729,0,0
GCCAGTGCAATCCTTT-1_4,m4,16417,4208,TCCAGTCTACTATCGTTACGACGCTACTACCG,0.32745827,19451.02121,0.172291613,10196.90683,TCCAGTCTACTATCGTTACGACGCTACTACCG_JCW26_M3,0.00252242,2.350653941,TRUE,G1,0.65271105,0.34728895,0,0.655244315
GCCATTCCAACAACAA-1_4,m4,665,487,nb,0,0,0,0,0,0,4.160125589,FALSE,G1,0.659405941,0.340594059,0,0
GCCCAGAGTTGCGGCT-1_4,m4,24384,4662,nb,0,0,0,0,0,0,4.36252329,FALSE,G1,0.817993795,0.018614271,0.163391934,0
GCCGATGCACTTGGGC-1_4,m4,10555,3679,TCCAGTCTACTATCGTTACGACGCTACTACCG,0.32745827,19451.02121,0.172291613,10196.90683,TCCAGTCTACTATCGTTACGACGCTACTACCG_JCW26_M3,0.00252242,2.978434159,TRUE,G1,0.608225108,0.154761905,0.237012987,0.655244315
GCGATCGGTCCTCCAT-1_4,m4,1300,799,nb,0,0,0,0,0,0,2.789699571,FALSE,G1,0.761324042,0,0.238675958,0
GCGGATCCAAAGGAGA-1_4,m4,10095,3408,TCCAGTACTATCGTTACGAAGCTACTACCG,0.062256724,3698.049421,0.090310974,5344.964688,TCCAGTACTATCGTTACGAAGCTACTACCG_JCW26_M3,0.000231876,3.687377137,TRUE,G1,0.555247085,0.444752915,0,0.408059667
GCGTTTCAGGTGGTTG-1_4,m4,3960,1965,nb,0,0,0,0,0,0,3.40232859,FALSE,G1,0.956937799,0.043062201,0,0
GCTACAAAGTTAACAG-1_4,m4,18828,4412,nb,0,0,0,0,0,0,4.150056524,FALSE,G2M,0.000911577,0.094804011,0.904284412,0
GCTACAATCGTGCGAC-1_4,m4,29105,5207,nb,0,0,0,0,0,0,2.986522911,FALSE,S,0.247695853,0.637096774,0.115207373,0
GCTGAATAGTAAGAGG-1_4,m4,6662,2853,nb,0,0,0,0,0,0,4.084798345,FALSE,G1,0.842459983,0.157540017,0,0
GCTGGGTTCGGTGTAT-1_4,m4,23211,5346,TCCAGTCTACTATCGTTACGACGCTACTACCG,0.32745827,19451.02121,0.172291613,10196.90683,TCCAGTCTACTATCGTTACGACGCTACTACCG_JCW26_M3,0.00252242,3.133335129,TRUE,G2M,0.088349515,0.053398058,0.858252427,0.655244315
GGAACCCCAGTATACC-1_4,m4,5978,2068,nb,0,0,0,0,0,0,2.658610272,FALSE,G1,0.861591696,0.028546713,0.109861592,0
GGAGAACAGTAAAGCT-1_4,m4,14330,4130,TCCAGTCTACTATCGTTACGACGCTACTACCG,0.32745827,19451.02121,0.172291613,10196.90683,TCCAGTCTACTATCGTTACGACGCTACTACCG_JCW26_M3,0.00252242,3.170028818,TRUE,G2M,0.004942339,0.286655684,0.708401977,0.655244315
GGAGAACGTGACAGGT-1_4,m4,16576,4095,TCCAGTCTACTATCGTTACGACGCTACTACCG,0.32745827,19451.02121,0.172291613,10196.90683,TCCAGTCTACTATCGTTACGACGCTACTACCG_JCW26_M3,0.00252242,3.103637361,TRUE,G2M,0.077471967,0.203873598,0.718654434,0.655244315
GGAGATGCAGGACATG-1_4,m4,11984,3733,TCCATTACGACGCTACTACCG,0.011764706,698.8235294,0,0,TCCATTACGACGCTACTACCG_JCW26_M3,0.000171331,2.960543107,TRUE,G2M,0,0.006951341,0.993048659,1
GGAGCAAAGTAGTGCG-1_4,m4,11013,3620,nb,0,0,0,0,0,0,2.668718166,FALSE,G1,0.984251969,0.015748031,0,0
GGAGGTAGTGAGTAGC-1_4,m4,4424,2154,nb,0,0,0,0,0,0,5.173060102,FALSE,G1,0.841750842,0.158249158,0,0
GGATCTAAGCTCCCTT-1_4,m4,31395,5052,nb,0,0,0,0,0,0,2.417725497,FALSE,G1,0.933723197,0.066276803,0,0
GGCACGTAGCGGTAAC-1_4,m4,13174,4048,TCCAGTCTATCGTTACGGCTACTACCG,0.009803922,582.3529412,0,0,TCCAGTCTATCGTTACGGCTACTACCG_JCW26_M3,0.000615881,3.353944163,TRUE,S,0.145936982,0.172470978,0.68159204,1
GGCAGTCTCATTTCGT-1_4,m4,3258,1783,nb,0,0,0,0,0,0,7.275603005,FALSE,G1,0.481191223,0.518286311,0.000522466,0
GGCGTCAGTTTACCTT-1_4,m4,6297,2801,nb,0,0,0,0,0,0,4.478284376,FALSE,G1,0.795967742,0.204032258,0,0
GGCTTTCGTTTGCAGT-1_4,m4,30753,5652,nb,0,0,0,0,0,0,4.402077527,FALSE,G2M,0.012974052,0.061876248,0.925149701,0
GGGACTCAGGAGACCT-1_4,m4,15529,4673,nb,0,0,0,0,0,0,6.579542371,FALSE,G2M,0.139664804,0.026070764,0.834264432,0
GGGACTCAGGTAATCA-1_4,m4,13895,4329,nb,0,0,0,0,0,0,2.444493295,FALSE,G2M,0,0.005964215,0.994035785,0
GGGACTCTCTACTGCC-1_4,m4,11872,3893,TCCAGTCTACTATCGTTACGACGCTACTACCG,0.32745827,19451.02121,0.172291613,10196.90683,TCCAGTCTACTATCGTTACGACGCTACTACCG_JCW26_M3,0.00252242,2.653867871,TRUE,G1,0.842684268,0.114411441,0.04290429,0.655244315
GGGAGTATCCAACCGG-1_4,m4,5628,2538,TCCAGTAGACTATCGTTACGGCTACTACCG,0,0,0,0,TCCAGTAGACTATCGTTACGGCTACTACCG_JCW26_M3,8.52E-05,3.904054597,TRUE,G1,0.809098294,0.190901706,0,0
GGGATGATCTCCTGTG-1_4,m4,1860,1170,nb,0,0,0,0,0,0,2.394747007,FALSE,G1,0.346758968,0.613593455,0.039647577,0
GGGCCATCACCGTGGT-1_4,m4,727,503,nb,0,0,0,0,0,0,4.787234043,FALSE,S,0.290598291,0.329059829,0.38034188,0
GGGCTCAGTCAGGTAG-1_4,m4,1433,871,nb,0,0,0,0,0,0,3.841173932,FALSE,G1,0.594193113,0.395003376,0.010803511,0
GGGTATTTCATAGCAC-1_4,m4,10842,3636,nb,0,0,0,0,0,0,4.196393461,FALSE,G1,0.583383869,0.416616131,0,0
GGGTGTCTCGTAGAGG-1_4,m4,20906,4278,nb,0,0,0,0,0,0,2.54829056,FALSE,G1,0.989119683,0.010880317,0,0
GGGTGTCTCTTTGATC-1_4,m4,22654,4458,nb,0,0,0,0,0,0,2.528855851,FALSE,G2M,0,0.099188458,0.900811542,0
GGGTTATAGCTCGACC-1_4,m4,27749,5141,nb,0,0,0,0,0,0,3.340494346,FALSE,G1,0.572967679,0.000979432,0.426052889,0
GGGTTATGTCATGACT-1_4,m4,22642,4713,TCCAGTCTACTATCGTTACGACGCTACTACCG,0.32745827,19451.02121,0.172291613,10196.90683,TCCAGTCTACTATCGTTACGACGCTACTACCG_JCW26_M3,0.00252242,2.612801116,TRUE,G1,0.984504132,0.007231405,0.008264463,0.655244315
GGTAACTGTGTCTCCT-1_4,m4,588,426,nb,0,0,0,0,0,0,2.683178535,FALSE,G1,0.495557749,0.28035538,0.224086871,0
GGTAATCGTCCGGTCA-1_4,m4,2832,1626,nb,0,0,0,0,0,0,9.224916786,FALSE,G1,0.504540868,0.495459132,0,0
GGTCACGTCTGGTTGA-1_4,m4,9871,3005,nb,0,0,0,0,0,0,2.336647727,FALSE,G1,0.809253247,0.070616883,0.12012987,0
GGTGAAGTCACACGAT-1_4,m4,7472,2961,nb,0,0,0,0,0,0,5.027400524,FALSE,G1,0.764347826,0.230434783,0.005217391,0
GGTGGCTTCTGACGCG-1_4,m4,12681,4275,TCCAGTACTACCG,0.24900503,14790.89875,0.16975242,10046.62723,TCCAGTACTACCG_JCW26_M3,0,4.008704062,TRUE,G1,0.668002672,0.331997328,0,0.594628299
GTAAGTCCATAGAATG-1_4,m4,1682,670,nb,0,0,0,0,0,0,2.095337873,FALSE,G1,0.677512654,0.010845987,0.311641359,0
GTACAACTCAATCCAG-1_4,m4,15482,4099,nb,0,0,0,0,0,0,3.284098684,FALSE,S,0.459885387,0.346704871,0.193409742,0
GTAGAAATCGCAGATT-1_4,m4,24774,4806,nb,0,0,0,0,0,0,2.749104698,FALSE,G1,0.744245524,0.248081841,0.007672634,0
GTAGAGGAGTAACGTA-1_4,m4,21453,4687,TCCAGTCTACTATCGTTACGACGCTACTACCG,0.32745827,19451.02121,0.172291613,10196.90683,TCCAGTCTACTATCGTTACGACGCTACTACCG_JCW26_M3,0.00252242,3.396436526,TRUE,G2M,0.005964215,0.000994036,0.99304175,0.655244315
GTAGATCAGTCTGCAT-1_4,m4,11095,3692,TCCAGTATCGTTACGACGCTACTACCG,0.02910562,1728.873825,0,0,TCCAGTATCGTTACGACGCTACTACCG_JCW26_M3,0.000933401,2.984902616,TRUE,G1,0.903342367,0.096657633,0,1
GTAGATCCACCCTAAA-1_4,m4,6635,2899,TCCAGTCTACTATCGTTACGACGCTACTACCG,0.32745827,19451.02121,0.172291613,10196.90683,TCCAGTCTACTATCGTTACGACGCTACTACCG_JCW26_M3,0.00252242,3.045445974,TRUE,G1,0.795544948,0.204455052,0,0.655244315
GTAGGAGAGACGCAGT-1_4,m4,5780,2626,TCCAGTACTATCGTTACGAAGCTACTACCG,0.062256724,3698.049421,0.090310974,5344.964688,TCCAGTACTATCGTTACGAAGCTACTACCG_JCW26_M3,0.000231876,3.980592138,TRUE,G1,0.755287009,0.244712991,0,0.408059667
GTAGGAGTCTACGCGG-1_4,m4,680,472,nb,0,0,0,0,0,0,9.129066107,FALSE,G2M,0.283292978,0.011299435,0.705407587,0
GTATTTCAGAAGCTCG-1_4,m4,17267,4522,TCCAGTCTACTATCGTTACGACGCTACTACCG,0.32745827,19451.02121,0.172291613,10196.90683,TCCAGTCTACTATCGTTACGACGCTACTACCG_JCW26_M3,0.00252242,5.779091964,TRUE,S,0.229832572,0.066971081,0.703196347,0.655244315
GTATTTCCACAAATAG-1_4,m4,25294,4704,TCCAGTACTATCGTTACGAAGCTACTACCG,0.062256724,3698.049421,0.090310974,5344.964688,TCCAGTACTATCGTTACGAAGCTACTACCG_JCW26_M3,0.000231876,2.159214831,TRUE,G1,0.914256198,0.040289256,0.045454545,0.408059667
GTATTTCCACCAAATC-1_4,m4,8835,3122,TCCAGTACTATCGTTACGACGCTACTACCG,0.174983599,10394.0258,0.058322625,3451.76623,TCCAGTACTATCGTTACGACGCTACTACCG_JCW26_M3,0.00123583,2.558989698,TRUE,G1,0.683884298,0.316115702,0,0.750016849
GTCAAACAGGTACATA-1_4,m4,4507,2209,nb,0,0,0,0,0,0,7.296524748,FALSE,G1,0.505311077,0.494688923,0,0
GTCAAACAGTCCGTCG-1_4,m4,21877,4742,nb,0,0,0,0,0,0,2.878065395,FALSE,G2M,0.440069991,0.000874891,0.559055118,0
GTCAAGTGTATACCCA-1_4,m4,14404,4356,nb,0,0,0,0,0,0,4.631717399,FALSE,G1,0.982318271,0.017681729,0,0
GTCACGGTCATAGAGA-1_4,m4,18323,3981,nb,0,0,0,0,0,0,3.203839685,FALSE,G2M,0,0.069158879,0.930841121,0
GTCAGCGCACCGGCTA-1_4,m4,21555,3594,nb,0,0,0,0,0,0,2.107013199,FALSE,G2M,0.22361809,0.028894472,0.747487437,0
GTCAGCGTCGACGTCG-1_4,m4,1355,861,nb,0,0,0,0,0,0,4.17383821,FALSE,G1,0.470461869,0.515574651,0.01396348,0
GTCATGACATGCAGGA-1_4,m4,20401,4412,nb,0,0,0,0,0,0,2.115643965,FALSE,G1,0.790757381,0.010269576,0.198973042,0
GTCCCATCACTCCGAG-1_4,m4,5243,2437,TCCAGTACTATCGTTACGACGCTACTACCG,0.174983599,10394.0258,0.058322625,3451.76623,TCCAGTACTATCGTTACGACGCTACTACCG_JCW26_M3,0.00123583,4.994324631,TRUE,G1,0.581410256,0.407692308,0.010897436,0.750016849
GTCGAATAGGGTACAC-1_4,m4,1565,908,nb,0,0,0,0,0,0,5.911111111,FALSE,G1,0.570884146,0.349847561,0.079268293,0
GTCTCACCAACTCATG-1_4,m4,5848,2796,nb,0,0,0,0,0,0,6.076297157,FALSE,G1,0.534011784,0.465988216,0,0
GTCTCACCATGGAACG-1_4,m4,12038,3877,nb,0,0,0,0,0,0,3.282463186,FALSE,G2M,0.126526082,0.114317425,0.759156493,0
GTGAGTTTCACCCTCA-1_4,m4,4845,1954,nb,0,0,0,0,0,0,2.437772646,FALSE,G2M,0.138915319,0.006660324,0.854424358,0
GTGATGTAGCTACTAC-1_4,m4,19843,4722,nb,0,0,0,0,0,0,4.354813785,FALSE,G2M,0.016330451,0.098943324,0.884726225,0
GTGCACGTCCATATGG-1_4,m4,5146,2487,TCCAGTAGCTATCGTTACGGCTACTACCG,0.027042787,1606.34157,0.063008652,3729.104086,TCCAGTAGCTATCGTTACGGCTACTACCG_JCW26_M3,0.000117708,3.525202568,TRUE,G1,0.537096774,0.462903226,0,0.300303774
GTGGAAGGTATCCCAA-1_4,m4,19660,4403,nb,0,0,0,0,0,0,3.810906744,FALSE,G1,0.696864111,0.303135889,0,0
GTGGCGTGTTGTGTAC-1_4,m4,1760,965,TCCACTATCGTTACGACGTGACTACTACCG,0,0,0,0,TCCACTATCGTTACGACGTGACTACTACCG_JCW26_M3,7.36E-07,4.997768853,TRUE,G1,0.397511848,0.561611374,0.040876777,0
GTGGGAAGTGTCCGTG-1_4,m4,4198,1914,TCCATTACGACGCTACTACCG,0.011764706,698.8235294,0,0,TCCATTACGACGCTACTACCG_JCW26_M3,0.000171331,3.678970374,TRUE,G1,0.982318271,0.017681729,0,1
GTGGTTACACTGGACC-1_4,m4,4936,1758,nb,0,0,0,0,0,0,3.885051801,FALSE,G1,0.522037779,0.214653692,0.263308529,0
GTGTCCTGTCATAACC-1_4,m4,27623,5020,TCCAGTACTATCGTTACGACGCTACTACCG,0.174983599,10394.0258,0.058322625,3451.76623,TCCAGTACTATCGTTACGACGCTACTACCG_JCW26_M3,0.00123583,3.427824219,TRUE,G1,0.867775832,0.131348511,0.000875657,0.750016849
GTGTTCCCAGTTAGGG-1_4,m4,14100,3932,nb,0,0,0,0,0,0,3.101574213,FALSE,S,0.445927904,0.090787717,0.463284379,0
GTGTTCCTCATCGCCT-1_4,m4,19697,5277,TCCAGTCTACTATCGTTACGACGCTACTACCG,0.32745827,19451.02121,0.172291613,10196.90683,TCCAGTCTACTATCGTTACGACGCTACTACCG_JCW26_M3,0.00252242,4.053463244,TRUE,G1,0.829882988,0.169216922,0.00090009,0.655244315
GTTACAGAGATACGAT-1_4,m4,6371,2745,TCCAGTCTACTATCGTTACGACGCTACTACCG,0.32745827,19451.02121,0.172291613,10196.90683,TCCAGTCTACTATCGTTACGACGCTACTACCG_JCW26_M3,0.00252242,3.180180972,TRUE,G1,0.753012048,0.246987952,0,0.655244315
GTTACCCGTGTATTCG-1_4,m4,10796,3553,nb,0,0,0,0,0,0,2.550721551,FALSE,G1,0.580476467,0.419523533,0,0
GTTAGTGGTACCGGCT-1_4,m4,8402,3179,nb,0,0,0,0,0,0,2.228717574,FALSE,G1,0.899280576,0.100719424,0,0
GTTATGGGTATCGAGG-1_4,m4,21772,4434,TCCAGTACTATCGTTACGAAGCTACTACCG,0.062256724,3698.049421,0.090310974,5344.964688,TCCAGTACTATCGTTACGAAGCTACTACCG_JCW26_M3,0.000231876,2.825652993,TRUE,G1,0.64683053,0.35316947,0,0.408059667
GTTCATTTCCGTAGTA-1_4,m4,10836,3565,nb,0,0,0,0,0,0,3.401920439,FALSE,G1,0.517847025,0.482152975,0,0
GTTCGCTTCGGAGCAA-1_4,m4,1311,825,nb,0,0,0,0,0,0,2.031063321,FALSE,S,0.282485876,0.425612053,0.291902072,0
GTTGCTCAGCATCCTA-1_4,m4,4081,1681,nb,0,0,0,0,0,0,2.267612948,FALSE,G1,0.868995633,0.015720524,0.115283843,0
GTTGTAGCACATACGT-1_4,m4,10349,3732,nb,0,0,0,0,0,0,3.273669336,FALSE,G2M,0,0.002991027,0.997008973,0
TAAGCGTTCGGCCTTT-1_4,m4,7034,2874,TCCAGTCTATCGTTACGGCTACTACCG,0.009803922,582.3529412,0,0,TCCAGTCTATCGTTACGGCTACTACCG_JCW26_M3,0.000615881,4.061240935,TRUE,G1,0.919117647,0.080882353,0,1
TAAGTCGGTCGCCTAG-1_4,m4,26420,5080,nb,0,0,0,0,0,0,3.492331844,FALSE,G1,0.958071279,0.031446541,0.01048218,0
TAATCTCAGGATTTAG-1_4,m4,20821,4164,nb,0,0,0,0,0,0,2.03562341,FALSE,G1,0.778317152,0.221682848,0,0
TACCCACGTACCTAGT-1_4,m4,1961,739,nb,0,0,0,0,0,0,2.567449956,FALSE,G2M,0.010230179,0.213981245,0.775788576,0
TACCCACTCTGAATGC-1_4,m4,21074,4425,TCCAGTAGACTATCGTTACGGCTACTACCG,0,0,0,0,TCCAGTAGACTATCGTTACGGCTACTACCG_JCW26_M3,8.52E-05,3.089157848,TRUE,G1,0.82781457,0.17218543,0,0
TACCCGTCAGGAATCG-1_4,m4,1833,1070,nb,0,0,0,0,0,0,3.995193752,FALSE,S,0.111738858,0.588826114,0.299435028,0
TACCGAAAGCACCGTC-1_4,m4,8410,3240,nb,0,0,0,0,0,0,3.236820541,FALSE,G1,0.577105575,0.422894425,0,0
TACCGAACAACTGCCG-1_4,m4,29693,5047,TCCAGTACTATCGTTACGAAGCTACTACCG,0.062256724,3698.049421,0.090310974,5344.964688,TCCAGTACTATCGTTACGAAGCTACTACCG_JCW26_M3,0.000231876,2.477062182,TRUE,G1,0.832703214,0.163516068,0.003780718,0.408059667
TACCTCGTCAGTCAGT-1_4,m4,15925,4013,nb,0,0,0,0,0,0,3.121406975,FALSE,G1,0.702010969,0.297074954,0.000914077,0
TACGCTCAGAGTTGTA-1_4,m4,4919,2318,nb,0,0,0,0,0,0,9.4461999,FALSE,G1,0.635723431,0.359795134,0.004481434,0
TACGCTCCACCCTAAA-1_4,m4,1571,1046,nb,0,0,0,0,0,0,3.692147686,FALSE,G1,0.644932214,0.351839897,0.003227889,0
TACGGGCTCCTAAACG-1_4,m4,6054,2827,TCCAGTACTATCGTTTAGCTACTACCG,0.044813762,2661.937459,0.039078215,2312.805058,TCCAGTACTATCGTTTAGCTACTACCG_JCW26_M3,0.000131171,3.626341746,TRUE,G1,0.937207123,0.062792877,0,0.534184121
TACGGTACAGACCGCT-1_4,m4,9793,3432,TCCAGATCTACTATCGTTACGTAGCTACTACCG,0.076288359,4531.528537,0.025835689,1529.059429,TCCAGATCTACTATCGTTACGTAGCTACTACCG_JCW26_M3,0.000612371,3.334986363,TRUE,G2M,0.013059701,0.19869403,0.788246269,0.747016599
TACGGTAGTATCTTCT-1_4,m4,2088,1157,nb,0,0,0,0,0,0,3.487450462,FALSE,G1,0.473637176,0.241286863,0.285075961,0
TACTGCCAGTTCGCAT-1_4,m4,5866,2541,nb,0,0,0,0,0,0,2.479892761,FALSE,G1,0.852514919,0.147485081,0,0
TACTTACGTACATTGC-1_4,m4,7515,3304,TCCAGATCTACTATCGTTACGACGCTACTACCG,0.005678256,337.2884321,0,0,TCCAGATCTACTATCGTTACGACGCTACTACCG_JCW26_M3,0.000430011,3.407612937,TRUE,G1,0.697293447,0.302706553,0,1
TACTTCAGTTCTCCCA-1_4,m4,10923,3699,nb,0,0,0,0,0,0,2.700049092,FALSE,G1,0.560538117,0.439461883,0,0
TACTTGTTCGCTCTAC-1_4,m4,23768,4608,nb,0,0,0,0,0,0,3.902007829,FALSE,S,0.272010512,0.140604468,0.58738502,0
TAGATCGCACAGTCAT-1_4,m4,25451,4811,TCCAGTAGCTATCGTTACGGCTACTACCG,0.027042787,1606.34157,0.063008652,3729.104086,TCCAGTAGCTATCGTTACGGCTACTACCG_JCW26_M3,0.000117708,2.512497396,TRUE,G1,0.914553991,0.084507042,0.000938967,0.300303774
TAGGAGGAGCTGGAGT-1_4,m4,2768,1418,nb,0,0,0,0,0,0,5.98944591,FALSE,G1,0.851788756,0.148211244,0,0
TAGGGTTTCAGCTTGA-1_4,m4,7892,3223,TCCAGTCTACTATCGTTACGACGCTACTACCG,0.32745827,19451.02121,0.172291613,10196.90683,TCCAGTCTACTATCGTTACGACGCTACTACCG_JCW26_M3,0.00252242,2.934468603,TRUE,G1,0.539168017,0.460831983,0,0.655244315
TAGGTTGCAGAACGCA-1_4,m4,4559,1801,nb,0,0,0,0,0,0,2.760641579,FALSE,G1,0.587915408,0.341389728,0.070694864,0
TATACCTCAGTTACCA-1_4,m4,5242,2437,TCCAGTACTATCGTTACGACGCTACTACCG,0.174983599,10394.0258,0.058322625,3451.76623,TCCAGTACTATCGTTACGACGCTACTACCG_JCW26_M3,0.00123583,2.852680895,TRUE,G1,0.981354269,0.018645731,0,0.750016849
TATATCCGTAGAATGT-1_4,m4,5133,2487,TCCAGTGTAGCTACTACCG,0,0,0,0,TCCAGTGTAGCTACTACCG_JCW26_M3,0,4.690275968,TRUE,G1,0.638746803,0.361253197,0,0
TATCAGGGTCCGATCG-1_4,m4,5538,2438,nb,0,0,0,0,0,0,5.985693246,FALSE,G1,0.624839949,0.365556978,0.009603073,0
TATCCTAGTTAAGTCC-1_4,m4,8466,3231,nb,0,0,0,0,0,0,2.508056606,FALSE,G1,0.885638298,0.114361702,0,0
TATCTGTCAACGTATC-1_4,m4,15218,3563,nb,0,0,0,0,0,0,2.800191913,FALSE,G1,0.744601638,0.255398362,0,0
TATGTTCTCTTTACAC-1_4,m4,31588,5209,nb,0,0,0,0,0,0,2.907942165,FALSE,G1,0.706749418,0.293250582,0,0
TATTCCAAGGTAACTA-1_4,m4,13255,3511,nb,0,0,0,0,0,0,2.910890206,FALSE,G1,0.562424242,0.437575758,0,0
TCAAGTGGTTGTTGAC-1_4,m4,4871,2436,nb,0,0,0,0,0,0,4.69904963,FALSE,G1,0.759301443,0.240698557,0,0
TCACACCCATGACTGT-1_4,m4,4586,2269,nb,0,0,0,0,0,0,4.030418251,FALSE,G1,0.852389078,0.147610922,0,0
TCACGCTAGCGTTACT-1_4,m4,14063,4246,nb,0,0,0,0,0,0,2.764597657,FALSE,G1,0.723938224,0.25,0.026061776,0
TCACTCGAGGGACCAT-1_4,m4,4568,1894,nb,0,0,0,0,0,0,2.506345178,FALSE,G1,0.882092199,0.05141844,0.066489362,0
TCACTCGGTAATCAGA-1_4,m4,622,471,nb,0,0,0,0,0,0,2.991452991,FALSE,G2M,0.492102066,0.007897934,0.5,0
TCAGCCTGTCGTACAT-1_4,m4,3661,1010,nb,0,0,0,0,0,0,2.058197303,FALSE,G2M,0.3252149,0.021489971,0.653295129,0
TCAGGGCGTACGACAG-1_4,m4,17215,4155,TCCAGTACTATCGTTACGACGCTACTACCG,0.174983599,10394.0258,0.058322625,3451.76623,TCCAGTACTATCGTTACGACGCTACTACCG_JCW26_M3,0.00123583,2.626989722,TRUE,G1,0.891867739,0.108132261,0,0.750016849
TCAGGTAGTGAATAAC-1_4,m4,5073,2428,TCCAGTACTATCGTTACGAGCTACTACCG,0.007434944,441.6356877,0.046666667,2761.92,TCCAGTACTATCGTTACGAGCTACTACCG_JCW26_M3,0.00156015,3.679159049,TRUE,G1,0.938967136,0.061032864,0,0.137425557
TCAGTCCCAGGTGTGA-1_4,m4,13509,3830,nb,0,0,0,0,0,0,2.083599099,FALSE,G1,0.871080139,0.128919861,0,0
TCAGTCCGTGTGCCTG-1_4,m4,22897,3116,nb,0,0,0,0,0,0,2.571489543,FALSE,G1,0.874890639,0.122484689,0.002624672,0
TCAGTGAAGGAGCTGT-1_4,m4,22496,4781,nb,0,0,0,0,0,0,2.312632652,FALSE,G1,0.980830671,0.019169329,0,0
TCAGTTTTCTAGCAAC-1_4,m4,22217,4579,nb,0,0,0,0,0,0,2.327712085,FALSE,G1,0.593420236,0.406579764,0,0
TCATGGAGTACGGTTT-1_4,m4,12280,3764,nb,0,0,0,0,0,0,3.625256622,FALSE,S,0.284251969,0.662992126,0.052755906,0
TCATGTTGTACAAGTA-1_4,m4,21958,4483,nb,0,0,0,0,0,0,3.66013835,FALSE,G1,0.679012346,0.320987654,0,0
TCATGTTGTTCACCGG-1_4,m4,4218,1683,nb,0,0,0,0,0,0,5.849707515,FALSE,G2M,0.22515213,0.236308316,0.538539554,0
TCATGTTTCGGTTAGT-1_4,m4,1438,895,nb,0,0,0,0,0,0,3.630363036,FALSE,G1,0.555018138,0.406287787,0.038694075,0
TCATTGTAGTTAGAAC-1_4,m4,6621,2900,nb,0,0,0,0,0,0,4.137614679,FALSE,G1,0.641848524,0.358151476,0,0
TCATTTGGTACAAGTA-1_4,m4,32230,5539,nb,0,0,0,0,0,0,2.77568935,FALSE,G1,0.841370558,0.120558376,0.038071066,0
TCATTTGGTGACACGA-1_4,m4,9228,3382,nb,0,0,0,0,0,0,2.770861265,FALSE,G1,0.917431193,0.082568807,0,0
TCCACCATCGGTCACG-1_4,m4,20393,4595,nb,0,0,0,0,0,0,3.056128704,FALSE,G1,0.736919676,0.263080324,0,0
TCCAGAACATACTTTC-1_4,m4,14406,3610,nb,0,0,0,0,0,0,2.97635735,FALSE,G1,0.543292683,0.447560976,0.009146341,0
TCCATCGCAAGGATGC-1_4,m4,15974,4181,nb,0,0,0,0,0,0,3.420017039,FALSE,G1,0.666666667,0.328373016,0.004960317,0
TCCATGCCATTCTCCG-1_4,m4,19064,4722,TCCAGTACTATCGTTTAGCTACTACCG,0.044813762,2661.937459,0.039078215,2312.805058,TCCAGTACTATCGTTTAGCTACTACCG_JCW26_M3,0.000131171,3.011991313,TRUE,G1,0.993048659,0.006951341,0,0.534184121
TCCCATGCAGCAGTAG-1_4,m4,17959,4225,nb,0,0,0,0,0,0,3.712512927,FALSE,G1,0.546352167,0.453647833,0,0
TCCCATGTCGGAGCAA-1_4,m4,24867,4761,TCCACTATCGTTACGACGCCG,0.007843137,465.8823529,0.00693909,410.6831149,TCCACTATCGTTACGACGCCG_JCW26_M3,0.000140826,3.315953048,TRUE,G1,0.971664699,0.015348288,0.012987013,0.53057885
TCCGGGAGTCGCATTA-1_4,m4,8604,3464,nb,0,0,0,0,0,0,8.885243071,FALSE,G2M,0.183794466,0.101778656,0.714426877,0
TCCTCCCGTGGTACAG-1_4,m4,23616,4831,nb,0,0,0,0,0,0,2.794324705,FALSE,G1,0.743745262,0.256254738,0,0
TCCTTCTCACGGTGCT-1_4,m4,1706,936,TCCACTATCGTTACGACGCCG,0.007843137,465.8823529,0.00693909,410.6831149,TCCACTATCGTTACGACGCCG_JCW26_M3,0.000140826,2.338941321,TRUE,G2M,0.36423221,0.040262172,0.595505618,0.53057885
TCGAACACAAGCTGCC-1_4,m4,1302,807,nb,0,0,0,0,0,0,4.094117647,FALSE,G1,0.393278302,0.530070755,0.076650943,0
TCGACCTTCTCGTCAC-1_4,m4,8459,3319,nb,0,0,0,0,0,0,5.012371299,FALSE,G1,0.640208198,0.359791802,0,0
TCGACGGAGGGACTGT-1_4,m4,12735,3383,nb,0,0,0,0,0,0,3.630672926,FALSE,G2M,0,0.00990099,0.99009901,0
TCGCACTAGGGATCTG-1_4,m4,4218,2167,TCCAGTCTATCGTTACGGCTACTACCG,0.009803922,582.3529412,0,0,TCCAGTCTATCGTTACGGCTACTACCG_JCW26_M3,0.000615881,3.213689482,TRUE,G1,0.870322019,0.129677981,0,1
TCGCACTTCTCCTGAC-1_4,m4,19899,5054,nb,0,0,0,0,0,0,3.575707889,FALSE,G2M,0,0.137931034,0.862068966,0
TCGCAGGCATGCTGCG-1_4,m4,2527,1295,nb,0,0,0,0,0,0,2.443133951,FALSE,G1,0.943342776,0.043437205,0.013220019,0
TCGCTTGTCATCAGTG-1_4,m4,1472,603,nb,0,0,0,0,0,0,9.037558685,FALSE,G1,0.694638695,0.013986014,0.291375291,0
TCGGATATCCGTTTCG-1_4,m4,6429,2829,TCCAGTACTATCGTTACGAAGCTACTACCG,0.062256724,3698.049421,0.090310974,5344.964688,TCCAGTACTATCGTTACGAAGCTACTACCG_JCW26_M3,0.000231876,2.736185383,TRUE,G1,0.642213642,0.357786358,0,0.408059667
TCGGGACGTAGCTTTG-1_4,m4,4417,2010,nb,0,0,0,0,0,0,4.341814159,FALSE,G1,0.9,0.1,0,0
TCGGGTGCACTCGATA-1_4,m4,10703,3609,TCCAGTCTATCGTTACGGCTACTACCG,0.009803922,582.3529412,0,0,TCCAGTCTATCGTTACGGCTACTACCG_JCW26_M3,0.000615881,2.753697093,TRUE,G1,0.664010624,0.335989376,0,1
TCGGGTGGTTGGCCGT-1_4,m4,6619,2851,nb,0,0,0,0,0,0,3.606530068,FALSE,G1,0.845308538,0.154691462,0,0
TCGGTCTAGGCGTTGA-1_4,m4,16721,3985,nb,0,0,0,0,0,0,3.874130804,FALSE,G1,0.995024876,0.004975124,0,0
TCGTAGAAGTGTCATC-1_4,m4,5883,2789,nb,0,0,0,0,0,0,4.947300495,FALSE,G1,0.814180929,0.185819071,0,0
TCGTCCAAGGCGTTGA-1_4,m4,17496,4264,TCCAGTCTACTATCGTTACGACGCTACTACCG,0.32745827,19451.02121,0.172291613,10196.90683,TCCAGTCTACTATCGTTACGACGCTACTACCG_JCW26_M3,0.00252242,3.194752988,TRUE,G2M,0.149847095,0,0.850152905,0.655244315
TCGTCCAGTGGAAGTC-1_4,m4,20478,4619,nb,0,0,0,0,0,0,2.771317065,FALSE,G1,0.953578337,0.011605416,0.034816248,0
TCGTGCTAGATGGTCG-1_4,m4,13710,2637,nb,0,0,0,0,0,0,2.116033019,FALSE,G1,0.655925156,0.013513514,0.330561331,0
TCGTGGGCACCTAAAC-1_4,m4,4019,1057,nb,0,0,0,0,0,0,2.987352813,FALSE,G2M,0.088314005,0.028545941,0.883140054,0
TCTACATTCTCTGACC-1_4,m4,6008,2148,nb,0,0,0,0,0,0,4.232733136,FALSE,G1,0.871727749,0.111692845,0.016579407,0
TCTATACCAACAAGTA-1_4,m4,7426,3089,nb,0,0,0,0,0,0,3.904698875,FALSE,G1,0.668005355,0.331994645,0,0
TCTATACCAGACCTGC-1_4,m4,7231,3166,TCCAGTCTACTATCGTTACGACGCTACTACCG,0.32745827,19451.02121,0.172291613,10196.90683,TCCAGTCTACTATCGTTACGACGCTACTACCG_JCW26_M3,0.00252242,3.105379264,TRUE,G1,0.562570462,0.437429538,0,0.655244315
TCTATACGTCTTGAGT-1_4,m4,3107,1545,nb,0,0,0,0,0,0,2.18076721,FALSE,G1,0.766283525,0.229885057,0.003831418,0
TCTCACGCACGTACTA-1_4,m4,18230,4155,nb,0,0,0,0,0,0,2.452479064,FALSE,G1,0.930232558,0.069767442,0,0
TCTCAGCTCCACGGGT-1_4,m4,26841,5089,nb,0,0,0,0,0,0,2.341487161,FALSE,G1,0.830522766,0.169477234,0,0
TCTGTCGCACCCTTAC-1_4,m4,11492,3721,nb,0,0,0,0,0,0,3.442440907,FALSE,G1,0.866319444,0.133680556,0,0
TCTTCCTAGTCTGCAT-1_4,m4,25186,5278,TCCAGTAGCTATCGTTACGGCTACTACCG,0.027042787,1606.34157,0.063008652,3729.104086,TCCAGTAGCTATCGTTACGGCTACTACCG_JCW26_M3,0.000117708,3.144241031,TRUE,G1,0.681663258,0.318336742,0,0.300303774
TGAATCGCACATATCG-1_4,m4,26438,5161,nb,0,0,0,0,0,0,2.946768061,FALSE,G2M,0.010214505,0.352400409,0.637385087,0
TGAATGCAGAAGAGCA-1_4,m4,12397,3738,nb,0,0,0,0,0,0,3.378773126,FALSE,G2M,0.003976143,0.001988072,0.994035785,0
TGAATGCAGTTTCAGC-1_4,m4,7869,3151,nb,0,0,0,0,0,0,3.208206024,FALSE,G1,0.58719906,0.41280094,0,0
TGACAGTCAGGACAGT-1_4,m4,16666,4056,TCCAGTACTACCG,0.24900503,14790.89875,0.16975242,10046.62723,TCCAGTACTACCG_JCW26_M3,0,3.355343429,TRUE,G1,0.666222518,0.333777482,0,0.594628299
TGACGCGGTGGGCTCT-1_4,m4,8508,3087,TCCAGTCTACTATCGTTACGACGCTACTACCG,0.32745827,19451.02121,0.172291613,10196.90683,TCCAGTCTACTATCGTTACGACGCTACTACCG_JCW26_M3,0.00252242,2.729974428,TRUE,G1,0.919963201,0.080036799,0,0.655244315
TGAGCATAGTACAACA-1_4,m4,4779,2583,nb,0,0,0,0,0,0,4.2818099,FALSE,G2M,0.128744939,0.272064777,0.599190283,0
TGAGCGCTCCCATTCG-1_4,m4,5660,2673,TCCAGTCTATCGTTACGGCTACTACCG,0.009803922,582.3529412,0,0,TCCAGTCTATCGTTACGGCTACTACCG_JCW26_M3,0.000615881,3.81756078,TRUE,G1,0.959692898,0.040307102,0,1
TGAGCGCTCTTGGCTC-1_4,m4,8252,3083,TCCAGTCTATCGTTACGGCTACTACCG,0.009803922,582.3529412,0,0,TCCAGTCTATCGTTACGGCTACTACCG_JCW26_M3,0.000615881,3.22601334,TRUE,G1,0.876424189,0.123575811,0,1
TGAGTCAGTAGCGTCC-1_4,m4,6210,2660,nb,0,0,0,0,0,0,3.683972912,FALSE,G1,0.872600349,0.127399651,0,0
TGATGCAGTTCGGTAT-1_4,m4,28799,4089,nb,0,0,0,0,0,0,2.027679434,FALSE,G2M,0,0.025490196,0.974509804,0
TGCACGGGTGGCCCAT-1_4,m4,12633,2356,nb,0,0,0,0,0,0,2.167283109,FALSE,G1,0.525584334,0.456727732,0.017687934,0
TGCAGATTCAACGCTA-1_4,m4,13916,3630,nb,0,0,0,0,0,0,3.415743384,FALSE,G1,0.507985258,0.492014742,0,0
TGCGATAGTCCCACGA-1_4,m4,14379,3749,nb,0,0,0,0,0,0,2.817077751,FALSE,G1,0.571755289,0.428244711,0,0
TGCGGGTTCTGCGAGC-1_4,m4,2265,1245,nb,0,0,0,0,0,0,3.952321205,FALSE,G1,0.567134269,0.158316633,0.274549098,0
TGCTTGCCAGGCTATT-1_4,m4,6119,2871,TCCAGTAGACTATCGTTACGGCTACTACCG,0,0,0,0,TCCAGTAGACTATCGTTACGGCTACTACCG_JCW26_M3,8.52E-05,3.389339513,TRUE,G1,0.882978723,0.117021277,0,0
TGCTTGCCATCCCACT-1_4,m4,705,507,TCCAGTCGTTACTACTACCG,0.052430935,3114.397551,0,0,TCCAGTCGTTACTACTACCG_JCW26_M3,0.000267174,3.526645768,TRUE,G1,0.551831645,0.207326578,0.240841777,1
TGGAGAGAGCGCCGTT-1_4,m4,3414,1791,nb,0,0,0,0,0,0,4.120111732,FALSE,G1,0.979431929,0.020568071,0,0
TGGAGAGCAAAGGGTC-1_4,m4,15499,4002,nb,0,0,0,0,0,0,3.503588012,FALSE,G1,0.578034682,0.421965318,0,0
TGGGAAGCAGTGCCTG-1_4,m4,2109,1326,TCCAGTCTATCGTTACGGCTACTACCG,0.009803922,582.3529412,0,0,TCCAGTCTATCGTTACGGCTACTACCG_JCW26_M3,0.000615881,5.434782609,TRUE,G1,0.538213132,0.461786868,0,1
TGGGAGACAGCGCGTT-1_4,m4,31940,3461,nb,0,0,0,0,0,0,2.571979111,FALSE,G2M,0.000831947,0.171381032,0.827787022,0
TGGGTTAGTTAACCTG-1_4,m4,3321,1798,nb,0,0,0,0,0,0,8.412618928,FALSE,G1,0.533046749,0.466953251,0,0
TGGTACAAGTCATACC-1_4,m4,18801,4184,nb,0,0,0,0,0,0,3.799605967,FALSE,G1,0.601116625,0.398883375,0,0
TGTACAGGTTTGATCG-1_4,m4,2919,1567,nb,0,0,0,0,0,0,9.055876686,FALSE,G1,0.67169294,0.323509253,0.004797807,0
TGTACAGTCCAATGCA-1_4,m4,8515,3167,TCCCTACTATCTACTACCG,0.039645747,2354.957358,0.086666667,5129.28,TCCCTACTATCTACTACCG_JCW26_M3,0,3.932755211,TRUE,G1,0.569151964,0.430848036,0,0.313870551
TGTACAGTCGCGGACT-1_4,m4,3172,1552,nb,0,0,0,0,0,0,3.192007797,FALSE,G1,0.750563486,0.241172051,0.008264463,0
TGTAGACCACAAGTTC-1_4,m4,35613,4679,nb,0,0,0,0,0,0,2.077667306,FALSE,G2M,0.259187621,0.204061896,0.536750484,0
TGTCCACCAGGGACTA-1_4,m4,24540,5004,TCCAGTACTATCGTTACGAAGCTACTACCG,0.062256724,3698.049421,0.090310974,5344.964688,TCCAGTACTATCGTTACGAAGCTACTACCG_JCW26_M3,0.000231876,2.203016003,TRUE,G2M,0.003992016,0.000998004,0.99500998,0.408059667
TGTCCACGTGGGAGAG-1_4,m4,5420,2566,TCCAGTCTATCGTTACGGCTACTACCG,0.009803922,582.3529412,0,0,TCCAGTCTATCGTTACGGCTACTACCG_JCW26_M3,0.000615881,7.767995857,TRUE,G2M,0.101633394,0.007259528,0.891107078,1
TGTCCTGGTCGCGTCA-1_4,m4,1767,1163,TCCAGTCTATCGTTACGGCTACTACCG,0.009803922,582.3529412,0,0,TCCAGTCTATCGTTACGGCTACTACCG_JCW26_M3,0.000615881,2.88130285,TRUE,G1,0.539374326,0.460625674,0,1
TGTGCGGTCTAGGCAT-1_4,m4,4564,2245,nb,0,0,0,0,0,0,4.206225213,FALSE,G1,0.834309623,0.164016736,0.00167364,0
TGTTACTAGCGTTCCG-1_4,m4,2515,1206,nb,0,0,0,0,0,0,3.285515965,FALSE,G1,0.654720882,0.315644383,0.029634735,0
TGTTACTAGTTGGCGA-1_4,m4,1664,889,nb,0,0,0,0,0,0,3.451214316,FALSE,S,0.423165138,0.051605505,0.525229358,0
TGTTACTGTTAGGGTG-1_4,m4,19879,4413,TCCAGTCTACTATCGTTACGACGCTACTACCG,0.32745827,19451.02121,0.172291613,10196.90683,TCCAGTCTACTATCGTTACGACGCTACTACCG_JCW26_M3,0.00252242,2.898738692,TRUE,S,0.868932039,0.089805825,0.041262136,0.655244315
TGTTCATTCACTGATG-1_4,m4,2010,1124,nb,0,0,0,0,0,0,2.112676056,FALSE,G1,0.963562753,0.022267206,0.01417004,0
TGTTCTACATATCTGG-1_4,m4,20933,4326,nb,0,0,0,0,0,0,3.390914907,FALSE,G2M,0.005970149,0,0.994029851,0
TGTTCTATCTAACACG-1_4,m4,7238,2978,nb,0,0,0,0,0,0,5.665809769,FALSE,G1,0.745156483,0.040983607,0.213859911,0
TGTTGAGAGTCCCGGT-1_4,m4,6866,2943,TCCAGTCTACTATCGTTACGACGCTACTACCG,0.32745827,19451.02121,0.172291613,10196.90683,TCCAGTCTACTATCGTTACGACGCTACTACCG_JCW26_M3,0.00252242,3.603957286,TRUE,G1,0.665997323,0.334002677,0,0.655244315
TTACGCCAGTCAACAA-1_4,m4,7928,3084,nb,0,0,0,0,0,0,3.739975324,FALSE,G1,0.513888889,0.486111111,0,0
TTCACCGGTCATATGC-1_4,m4,15342,4485,TCCAGTCTACTATCGTTACGACTACTACCG,0,0,0.01770239,1047.698258,TCCAGTCTACTATCGTTACGACTACTACCG_JCW26_M3,0.000982032,3.290699644,TRUE,G1,0.894795127,0.014396456,0.090808416,0
TTCACCGTCCACGTGG-1_4,m4,19046,4498,nb,0,0,0,0,0,0,2.413448735,FALSE,G1,0.535233997,0.464766003,0,0
TTCATGTAGTCCTGTA-1_4,m4,15720,4050,TCCAGTCTACTATCGTTAGCTACTACCG,0.022406881,1330.968729,0,0,TCCAGTCTACTATCGTTAGCTACTACCG_JCW26_M3,0.00252363,3.178484108,TRUE,G1,0.860071301,0.131907308,0.00802139,1
TTCCAATAGCGCCTAC-1_4,m4,3696,2111,TCCAGTCTACTATCTACTACCG,0.013011152,772.8624535,0,0,TCCAGTCTACTATCTACTACCG_JCW26_M3,0.000161413,3.512923189,TRUE,G1,0.702991453,0.297008547,0,1
TTCCGGTTCTGTGTGA-1_4,m4,15322,4324,TCCAGTACTATCGTTACGACGCTACTACCG,0.174983599,10394.0258,0.058322625,3451.76623,TCCAGTACTATCGTTACGACGCTACTACCG_JCW26_M3,0.00123583,3.10835186,TRUE,G1,0.971817298,0.028182702,0,0.750016849
TTCCGTGAGGCCATAG-1_4,m4,11621,3960,nb,0,0,0,0,0,0,3.621917808,FALSE,G1,0.967117988,0.032882012,0,0
TTCCTCTCACACGTGC-1_4,m4,6107,2861,nb,0,0,0,0,0,0,2.961049285,FALSE,G1,0.802259887,0.197740113,0,0
TTCCTTCAGGTCCGAA-1_4,m4,13830,4194,TCCAGTCTACTATCGTTACGACGCTACTACCG,0.32745827,19451.02121,0.172291613,10196.90683,TCCAGTCTACTATCGTTACGACGCTACTACCG_JCW26_M3,0.00252242,3.193333976,TRUE,G1,0.887240356,0.057863501,0.054896142,0.655244315
TTCGATTGTATGGAAT-1_4,m4,1509,872,nb,0,0,0,0,0,0,5.236698785,FALSE,G2M,0.31887456,0.029308324,0.651817116,0
TTCGATTTCATTCATC-1_4,m4,4508,2370,TCCAGTCGTTAGCTACTACCG,0.137787011,8184.548436,0.10588195,6266.517317,TCCAGTCGTTAGCTACTACCG_JCW26_M3,0.000301336,3.825875355,TRUE,G1,0.578703704,0.421296296,0,0.565468045
TTCTAGTGTTTGACAC-1_4,m4,1728,994,nb,0,0,0,0,0,0,4.750593824,FALSE,G1,0.503894548,0.449370881,0.046734572,0
TTCTTCCCAGCGTAGA-1_4,m4,3041,1510,nb,0,0,0,0,0,0,4.868202327,FALSE,G1,0.729769859,0.262063846,0.008166295,0
TTCTTGAAGACTGGGT-1_4,m4,23063,4514,nb,0,0,0,0,0,0,3.478205978,FALSE,G2M,0.014721346,0.010515247,0.974763407,0
TTGATGGTCAACGAGG-1_4,m4,10681,3637,nb,0,0,0,0,0,0,4.568255106,FALSE,G1,0.526592944,0.473407056,0,0
TTGCTGCGTCCATAGT-1_4,m4,8038,1685,nb,0,0,0,0,0,0,2.139391266,FALSE,G1,0.757976654,0.085603113,0.156420233,0
TTGGGATGTGATATAG-1_4,m4,22612,4773,TCCAGTCTACTATCGTTACGACGCTACTACCG,0.32745827,19451.02121,0.172291613,10196.90683,TCCAGTCTACTATCGTTACGACGCTACTACCG_JCW26_M3,0.00252242,2.792302007,TRUE,G1,0.742942051,0.257057949,0,0.655244315
TTGGGCGTCACAACCA-1_4,m4,17760,4412,TCCAGTACTACCG,0.24900503,14790.89875,0.16975242,10046.62723,TCCAGTACTACCG_JCW26_M3,0,3.808031609,TRUE,G1,0.962463908,0.037536092,0,0.594628299
TTGGTTTCAACACTAC-1_4,m4,28341,5212,TCCAGTAGCTATCGTTACGGCTACTACCG,0.027042787,1606.34157,0.063008652,3729.104086,TCCAGTAGCTATCGTTACGGCTACTACCG_JCW26_M3,0.000117708,2.028282645,TRUE,G1,0.956256358,0.01525941,0.028484232,0.300303774
TTGTTCAGTTGCTCGG-1_4,m4,16557,3738,nb,0,0,0,0,0,0,5.261382799,FALSE,G1,0.821018062,0.178981938,0,0
TTGTTGTTCGCGTAGC-1_4,m4,4532,2191,nb,0,0,0,0,0,0,5.333011583,FALSE,G1,0.704883227,0.295116773,0,0
TTTAGTCGTTGTGCAT-1_4,m4,20284,4887,TCCAGTCTACTATCGTTACGACGCTACTACCG,0.32745827,19451.02121,0.172291613,10196.90683,TCCAGTCTACTATCGTTACGACGCTACTACCG_JCW26_M3,0.00252242,2.714748784,TRUE,G2M,0.003367003,0.20959596,0.787037037,0.655244315
TTTCGATGTTTCACTT-1_4,m4,22074,4841,nb,0,0,0,0,0,0,2.262896154,FALSE,G1,0.686219081,0.313780919,0,0
TTTGATCCATTGTCGA-1_4,m4,18929,4477,nb,0,0,0,0,0,0,3.180551871,FALSE,G1,0.626566416,0.373433584,0,0
AAACCCAGTCAAACGG-1_5,m5,1801,951,TCCAGTCGTTACGACGTGGCTACTACCG,0,0,0,0,TCCAGTCGTTACGACGTGGCTACTACCG_JCW26_M4,0,8.206330598,TRUE,G1,0.883289125,0.110521662,0.006189213,0
AAACGAAAGATGTAGT-1_5,m5,20120,4671,nb,0,0,0,0,0,0,2.866187834,FALSE,G1,0.812720848,0.120141343,0.067137809,0
AAACGAAAGGTTCTAC-1_5,m5,9590,3369,nb,0,0,0,0,0,0,3.072950291,FALSE,G1,0.742367833,0.257632167,0,0
AAACGCTAGTGACCTT-1_5,m5,10495,3418,nb,0,0,0,0,0,0,4.527920066,FALSE,G1,0.737560976,0.252682927,0.009756098,0
AAAGAACCAATAGTGA-1_5,m5,5494,2308,nb,0,0,0,0,0,0,3.412844037,FALSE,G1,0.660907127,0.332613391,0.006479482,0
AAAGAACTCAAAGACA-1_5,m5,1536,962,nb,0,0,0,0,0,0,3.633217993,FALSE,G1,0.757951901,0.235065943,0.006982157,0
AAAGGGCGTGACGTCC-1_5,m5,4238,2277,nb,0,0,0,0,0,0,3.439667129,FALSE,G1,0.657030223,0.342969777,0,0
AAAGTGACAGCAGTAG-1_5,m5,25693,4954,TCCAGCTATCGTTACGACGCTACTACCG,0,0,0,0,TCCAGCTATCGTTACGACGCTACTACCG_JCW26_M4,0.000565779,2.138309888,TRUE,G1,0.901500938,0.097560976,0.000938086,0
AAATGGATCATGGATC-1_5,m5,12391,3803,TCCAGCTATCGTTACGACGCTACTACCG,0,0,0,0,TCCAGCTATCGTTACGACGCTACTACCG_JCW26_M4,0.000565779,2.444551591,TRUE,G2M,0.066743383,0.255466053,0.677790564,0
AAATGGATCGCCGTGA-1_5,m5,974,705,nb,0,0,0,0,0,0,3.941782899,FALSE,G1,0.935299715,0.041864891,0.022835395,0
AACAAAGCATCTCGTC-1_5,m5,2120,1234,nb,0,0,0,0,0,0,3.31838565,FALSE,G1,0.811688312,0.188311688,0,0
AACAAAGTCATTGCGA-1_5,m5,2171,742,nb,0,0,0,0,0,0,6.502636204,FALSE,G2M,0.175141243,0.096045198,0.728813559,0
AACAACCGTAACTAAG-1_5,m5,29779,5271,TCCAGTAGCTATCGTTACGGTAGCTACTACCG,0,0,0.056075974,724.2772861,TCCAGTAGCTATCGTTACGGTAGCTACTACCG_JCW26_M4,9.08E-05,2.616177498,TRUE,G2M,0.036525173,0,0.963474827,0
AACAACCTCACGTAGT-1_5,m5,22472,4502,nb,0,0,0,0,0,0,2.448069067,FALSE,G1,0.956022945,0.043977055,0,0
AACAACCTCTAGACAC-1_5,m5,17560,4190,nb,0,0,0,0,0,0,4.951866978,FALSE,G1,0.871080139,0.128919861,0,0
AACCAACCACCGTCTT-1_5,m5,516,415,nb,0,0,0,0,0,0,3.150684932,FALSE,S,0.374358974,0.26025641,0.365384615,0
AACCAACGTAGAATGT-1_5,m5,32494,5717,nb,0,0,0,0,0,0,2.741248005,FALSE,G2M,0.0639413,0.001048218,0.935010482,0
AACCATGTCCAACCAA-1_5,m5,18155,4603,TCCAGCTATCGTTACGACGCTACTACCG,0,0,0,0,TCCAGCTATCGTTACGACGCTACTACCG_JCW26_M4,0.000565779,2.301601267,TRUE,G1,0.584795322,0.415204678,0,0
AACCCAATCCTGCTAC-1_5,m5,667,469,nb,0,0,0,0,0,0,2.628918099,FALSE,G1,0.64603313,0.037489102,0.316477768,0
AACGAAAAGCTCCCTT-1_5,m5,7528,3072,TCCAGTAGCTATCGTTACGGTAGCTACTACCG,0,0,0.056075974,724.2772861,TCCAGTAGCTATCGTTACGGTAGCTACTACCG_JCW26_M4,9.08E-05,2.776804485,TRUE,G1,0.883289125,0.116710875,0,0
AACGGGAAGAGGATGA-1_5,m5,3358,1980,TCCTACTATCGCTACTACCG,0,0,0,0,TCCTACTATCGCTACTACCG_JCW26_M4,0.000136869,5.965336558,TRUE,G1,0.640564827,0.358793325,0.000641849,0
AACGTCAGTGTAGCAG-1_5,m5,7980,3140,nb,0,0,0,0,0,0,2.682338758,FALSE,G1,0.888888889,0.111111111,0,0
AACTTCTGTGGCCCAT-1_5,m5,20583,3283,nb,0,0,0,0,0,0,2.729290907,FALSE,G1,0.968780488,0.024390244,0.006829268,0
AAGAACAAGTCTGTAC-1_5,m5,3572,1620,nb,0,0,0,0,0,0,2.230560767,FALSE,G1,0.575322812,0.219512195,0.205164993,0
AAGACTCAGGCTTAGG-1_5,m5,15783,3943,nb,0,0,0,0,0,0,3.032374824,FALSE,G1,0.636300897,0.363699103,0,0
AAGCCATGTAAGGCCA-1_5,m5,14061,4697,nb,0,0,0,0,0,0,6.915847232,FALSE,G1,0.953244275,0.046755725,0,0
AAGCGAGTCCTAACAG-1_5,m5,5866,2690,nb,0,0,0,0,0,0,4.273244011,FALSE,G1,0.689179876,0.310820124,0,0
AAGCGAGTCTAGGCCG-1_5,m5,16368,4076,nb,0,0,0,0,0,0,3.435964373,FALSE,G1,0.970501475,0.029498525,0,0
AAGGAATAGTGAGTTA-1_5,m5,12967,3349,nb,0,0,0,0,0,0,2.895109135,FALSE,G1,0.828451883,0.171548117,0,0
AAGGAATGTCTTTCTA-1_5,m5,2590,1418,nb,0,0,0,0,0,0,4.195470799,FALSE,G1,0.748184019,0.243744956,0.008071025,0
AAGGTAATCCGAGATT-1_5,m5,418,335,nb,0,0,0,0,0,0,8.591065292,FALSE,S,0.508939213,0.15852205,0.332538737,0
AAGTGAAGTGACTCGC-1_5,m5,2005,1157,nb,0,0,0,0,0,0,3.267045455,FALSE,G1,0.640745501,0.359254499,0,0
AAGTTCGCACCCTGAG-1_5,m5,11773,3617,nb,0,0,0,0,0,0,2.60403104,FALSE,G1,0.950143816,0.049856184,0,0
AATAGAGAGGGAGGGT-1_5,m5,11485,3480,nb,0,0,0,0,0,0,4.247125488,FALSE,G1,0.869565217,0.130434783,0,0
AATAGAGTCATTGAGC-1_5,m5,11207,3921,TCCACTACTATCGCTACTACCG,0.072377622,4255.804196,0.341936763,4416.455226,TCCACTACTATCGCTACTACCG_JCW26_M4,0.000841069,2.681906886,TRUE,G1,0.836820084,0.163179916,0,0.174692515
AATCACGCAGGTCTCG-1_5,m5,1874,1097,nb,0,0,0,0,0,0,2.847974328,FALSE,G1,0.672222222,0.327777778,0,0
AATCACGTCTCTCGAC-1_5,m5,24541,4957,nb,0,0,0,0,0,0,3.017515924,FALSE,G1,0.816611842,0.183388158,0,0
AATCGACAGCGACATG-1_5,m5,22711,4791,nb,0,0,0,0,0,0,3.227664125,FALSE,G2M,0.045098039,0.001960784,0.952941176,0
AATCGACTCACAGAGG-1_5,m5,20925,3502,nb,0,0,0,0,0,0,2.80679869,FALSE,G2M,0.001682086,0.175777965,0.82253995,0
AATGAAGAGAGATGCC-1_5,m5,16256,3869,nb,0,0,0,0,0,0,6.780565937,FALSE,G1,0.746806912,0.253193088,0,0
AATGACCTCCGGTAAT-1_5,m5,9127,1668,nb,0,0,0,0,0,0,5.748649475,FALSE,G1,0.694376528,0.140994295,0.164629177,0
AATGGCTCAGGCCTGT-1_5,m5,12212,3788,nb,0,0,0,0,0,0,2.528214479,FALSE,G2M,0.005988024,0.000998004,0.993013972,0
AATTTCCCAATGTGGG-1_5,m5,1514,905,TCCAGCTACTATCGTTACGGTAGCTACTACCG,0.135314685,7956.503497,0.067017698,865.6005883,TCCAGCTACTATCGTTACGGTAGCTACTACCG_JCW26_M4,0.000397805,2.678571429,TRUE,G1,0.561557789,0.351130653,0.087311558,0.668774237
AATTTCCCACGCACCA-1_5,m5,14014,3561,nb,0,0,0,0,0,0,2.265372168,FALSE,G1,0.935453695,0.064546305,0,0
AATTTCCTCGAACGGA-1_5,m5,2149,1260,nb,0,0,0,0,0,0,9.177946517,FALSE,G1,0.611757502,0.388242498,0,0
ACAACCATCTACACAG-1_5,m5,26875,5450,nb,0,0,0,0,0,0,2.646044021,FALSE,G2M,0.013257576,0.057765152,0.928977273,0
ACAAGCTTCTGAGGCC-1_5,m5,14555,2816,nb,0,0,0,0,0,0,5.459462859,FALSE,G2M,0.000971817,0.027210884,0.971817298,0
ACAGAAAGTATGAAAC-1_5,m5,23159,4993,nb,0,0,0,0,0,0,3.529945039,FALSE,S,0.474245115,0.190053286,0.335701599,0
ACAGAAATCGACCTAA-1_5,m5,3087,1526,nb,0,0,0,0,0,0,2.314483417,FALSE,G1,0.69887165,0.291960508,0.009167842,0
ACAGCCGAGCGAATGC-1_5,m5,9187,3460,nb,0,0,0,0,0,0,3.61856109,FALSE,G1,0.723065799,0.276934201,0,0
ACAGCCGTCAACTCTT-1_5,m5,19095,4251,nb,0,0,0,0,0,0,3.400375646,FALSE,G2M,0.001998002,0.004995005,0.993006993,0
ACATCCCAGGTCGCCT-1_5,m5,19078,4929,nb,0,0,0,0,0,0,2.686689522,FALSE,G1,0.951409135,0.044703596,0.003887269,0
ACATCCCGTTGCCGAC-1_5,m5,494,419,nb,0,0,0,0,0,0,2.781289507,FALSE,S,0.227272727,0.505050505,0.267676768,0
ACATTTCAGCCAACCC-1_5,m5,15233,4155,nb,0,0,0,0,0,0,3.92745413,FALSE,G1,0.855431993,0.144568007,0,0
ACATTTCGTCCCGCAA-1_5,m5,3343,1660,nb,0,0,0,0,0,0,2.268133842,FALSE,G1,0.786729858,0.209320695,0.003949447,0
ACCAAACAGTGATGGC-1_5,m5,14680,4384,nb,0,0,0,0,0,0,3.5536907,FALSE,G1,0.780640125,0.219359875,0,0
ACCAAACGTCATATGC-1_5,m5,9718,3209,nb,0,0,0,0,0,0,2.373597789,FALSE,G2M,0.001994018,0.000997009,0.997008973,0
ACCAAACTCGTCCTTG-1_5,m5,9646,2867,nb,0,0,0,0,0,0,2.762309496,FALSE,G2M,0.010700389,0.019455253,0.969844358,0
ACCAACACACCATTCC-1_5,m5,22053,4592,nb,0,0,0,0,0,0,2.48701159,FALSE,G1,0.928644241,0.070336391,0.001019368,0
ACCCAAATCTGTAACG-1_5,m5,11534,3786,nb,0,0,0,0,0,0,3.369559565,FALSE,G2M,0,0.015748031,0.984251969,0
ACCCTCACAACGCCCA-1_5,m5,16065,4158,nb,0,0,0,0,0,0,2.488062327,FALSE,G1,0.775621118,0.224378882,0,0
ACCCTTGCAGTTAAAG-1_5,m5,5976,2372,nb,0,0,0,0,0,0,3.512999366,FALSE,G2M,0.03816047,0.045009785,0.916829746,0
ACCTGTCAGAGATGCC-1_5,m5,22431,4421,nb,0,0,0,0,0,0,2.817375688,FALSE,G1,0.976119403,0.00199005,0.021890547,0
ACGATGTGTAACGATA-1_5,m5,1507,901,nb,0,0,0,0,0,0,5.22875817,FALSE,G1,0.712298682,0.270863836,0.016837482,0
ACGGTCGAGGAGCTGT-1_5,m5,1122,765,nb,0,0,0,0,0,0,3.716216216,FALSE,G1,0.452922078,0.451839827,0.095238095,0
ACGGTCGCAGCCGTTG-1_5,m5,453,352,nb,0,0,0,0,0,0,5.821917808,FALSE,G1,0.579744817,0.320574163,0.099681021,0
ACGGTTAGTTGTTGAC-1_5,m5,4348,2364,TCCAGTATCGTTACGACTACTACCG,0.049300699,2898.881119,0.039018491,503.9628286,TCCAGTATCGTTACGACTACTACCG_JCW26_M4,0.000264665,3.390610617,TRUE,G1,0.892857143,0.102678571,0.004464286,0.558210498
ACGTACATCGGCTTCT-1_5,m5,359,279,nb,0,0,0,0,0,0,2.716468591,FALSE,G1,0.901639344,0.038251366,0.06010929,0
ACGTACATCGTTCTGC-1_5,m5,18753,4477,nb,0,0,0,0,0,0,3.514236827,FALSE,G1,0.827966102,0.172033898,0,0
ACGTAGTCAGCCTATA-1_5,m5,23445,4497,nb,0,0,0,0,0,0,2.755096047,FALSE,G2M,0.110846246,0.125148987,0.764004768,0
ACGTTCCAGTTACTCG-1_5,m5,14148,4213,nb,0,0,0,0,0,0,5.527613653,FALSE,G1,0.643755239,0.352891869,0.003352892,0
ACGTTCCCAATGCAAA-1_5,m5,19660,3935,nb,0,0,0,0,0,0,3.080547653,FALSE,G2M,0.068520357,0.12611718,0.805362463,0
ACGTTCCGTGTTACTG-1_5,m5,2127,1129,nb,0,0,0,0,0,0,4.643527205,FALSE,G1,0.894589552,0.104477612,0.000932836,0
ACTACGAAGTAAAGCT-1_5,m5,622,350,nb,0,0,0,0,0,0,9.295774648,FALSE,G2M,0.066188198,0.180223285,0.753588517,0
ACTATTCAGTCATCCA-1_5,m5,26868,4437,nb,0,0,0,0,0,0,2.639279026,FALSE,G1,0.831134565,0.093667546,0.075197889,0
ACTATTCCAGTATGAA-1_5,m5,24693,4751,nb,0,0,0,0,0,0,3.79324297,FALSE,G2M,0.02106319,0.087261785,0.891675025,0
ACTCTCGCACTGGCGT-1_5,m5,33953,3725,nb,0,0,0,0,0,0,2.120423569,FALSE,G2M,0.465981013,0.014240506,0.519778481,0
ACTCTCGTCCGATGTA-1_5,m5,8045,2786,nb,0,0,0,0,0,0,2.30625234,FALSE,G1,0.918273646,0.081726354,0,0
ACTGTGAAGGTCATAA-1_5,m5,2186,1235,nb,0,0,0,0,0,0,3.676222597,FALSE,G1,0.438797814,0.478142077,0.083060109,0
ACTGTGAGTTGAGTCT-1_5,m5,12047,3593,nb,0,0,0,0,0,0,3.3460753,FALSE,S,0.38897893,0.424635332,0.186385737,0
ACTTAGGCACGGCACT-1_5,m5,1153,782,nb,0,0,0,0,0,0,3.620474407,FALSE,G1,0.801809211,0.198190789,0,0
ACTTAGGGTGGCCCAT-1_5,m5,10711,3239,nb,0,0,0,0,0,0,3.48576155,FALSE,G1,0.614769231,0.385230769,0,0
ACTTAGGTCTCGTCAC-1_5,m5,15821,4215,nb,0,0,0,0,0,0,2.79133809,FALSE,G1,0.71339076,0.281127643,0.005481597,0
ACTTATCGTCCAGAAG-1_5,m5,1265,575,nb,0,0,0,0,0,0,9.347079038,FALSE,G1,0.584595128,0.011849901,0.40355497,0
ACTTCCGGTTCGGACC-1_5,m5,31355,5090,nb,0,0,0,0,0,0,3.092660023,FALSE,G1,0.638686131,0.285888078,0.075425791,0
ACTTCGCAGACAACAT-1_5,m5,15830,4128,nb,0,0,0,0,0,0,2.461574021,FALSE,G1,0.696566223,0.303433777,0,0
ACTTCGCTCAAGGCTT-1_5,m5,12119,2595,nb,0,0,0,0,0,0,2.351601233,FALSE,G1,0.717440975,0.277989337,0.004569688,0
ACTTTGTAGGGCTAAC-1_5,m5,4868,2210,nb,0,0,0,0,0,0,3.346797461,FALSE,G1,0.636116152,0.104355717,0.259528131,0
AGAACAATCAGTGCGC-1_5,m5,4908,2486,nb,0,0,0,0,0,0,3.522898842,FALSE,G1,0.5394236,0.4605764,0,0
AGAACAATCATTTCGT-1_5,m5,9931,3415,nb,0,0,0,0,0,0,3.886371558,FALSE,G1,0.822222222,0.177777778,0,0
AGAACAATCCCGATCT-1_5,m5,4893,1989,nb,0,0,0,0,0,0,2.696413906,FALSE,G1,0.784574468,0.019503546,0.195921986,0
AGAAGCGCACAACCGC-1_5,m5,17080,2746,nb,0,0,0,0,0,0,3.180212014,FALSE,G1,0.730085073,0.063418407,0.20649652,0
AGAAGCGTCTTCACAT-1_5,m5,3306,1688,nb,0,0,0,0,0,0,6.0445621,FALSE,G1,0.896675651,0.103324349,0,0
AGACACTCATCATGAC-1_5,m5,15537,4215,nb,0,0,0,0,0,0,3.239236858,FALSE,G2M,0.222789116,0.00085034,0.776360544,0
AGAGAATAGCAATAGT-1_5,m5,10674,2270,nb,0,0,0,0,0,0,3.573007871,FALSE,G2M,0.148381295,0.017985612,0.833633094,0
AGAGAATCAAGTGGCA-1_5,m5,2582,1383,nb,0,0,0,0,0,0,5.549682875,FALSE,G1,0.617533719,0.32177264,0.060693642,0
AGAGAGCAGGAACGAA-1_5,m5,20800,4815,nb,0,0,0,0,0,0,2.767517799,FALSE,G2M,0.012149533,0.090654206,0.897196262,0
AGAGCAGAGTCAACAA-1_5,m5,1479,962,nb,0,0,0,0,0,0,5.431472081,FALSE,G1,0.788721207,0.210484512,0.000794281,0
AGATGAAGTGAGCTCC-1_5,m5,14537,4194,TCCAGTAGCTATCGTTACGGTAGCTACTACCG,0,0,0.056075974,724.2772861,TCCAGTAGCTATCGTTACGGTAGCTACTACCG_JCW26_M4,9.08E-05,2.069247175,TRUE,G1,0.794188862,0.205811138,0,0
AGATGCTGTACGTAGG-1_5,m5,20632,4608,nb,0,0,0,0,0,0,3.783545974,FALSE,S,0.577906977,0.022093023,0.4,0
AGCATCAGTTGTGGCC-1_5,m5,16081,3942,nb,0,0,0,0,0,0,2.253480173,FALSE,G1,0.679129844,0.320870156,0,0
AGCATCATCCGTACGG-1_5,m5,12228,3967,nb,0,0,0,0,0,0,2.600249066,FALSE,G1,0.784929356,0.215070644,0,0
AGCCAATGTCATCACA-1_5,m5,13421,3907,nb,0,0,0,0,0,0,2.497476188,FALSE,G1,0.881057269,0.118942731,0,0
AGCCAATGTGTCCATA-1_5,m5,14667,3880,TCCAGTACTATCGTTACGAGCTACTACCG,0,0,0.02315888,299.1201004,TCCAGTACTATCGTTACGAGCTACTACCG_JCW26_M4,0.00156015,2.740352628,TRUE,G1,0.873362445,0.126637555,0,0
AGCCACGAGACGACGT-1_5,m5,23709,4960,nb,0,0,0,0,0,0,3.678053088,FALSE,S,0.691729323,0.084586466,0.223684211,0
AGCCACGGTACTGACT-1_5,m5,12340,3856,nb,0,0,0,0,0,0,2.768243213,FALSE,G2M,0.017364658,0.040858018,0.941777324,0
AGCCACGGTAGGCTCC-1_5,m5,30000,5182,nb,0,0,0,0,0,0,3.22632387,FALSE,G1,0.892678034,0.04112337,0.066198596,0
AGCGATTCAGCCTTCT-1_5,m5,22308,4778,nb,0,0,0,0,0,0,3.072552828,FALSE,G1,0.923361034,0.076638966,0,0
AGCGCCAGTCTATGAC-1_5,m5,1795,1101,nb,0,0,0,0,0,0,2.544960977,FALSE,G1,0.972682927,0.025365854,0.00195122,0
AGCGCTGCAATTGAAG-1_5,m5,1571,975,nb,0,0,0,0,0,0,2.663165791,FALSE,G1,0.479887085,0.472124206,0.047988709,0
AGCTCAACAAATTAGG-1_5,m5,8390,3110,nb,0,0,0,0,0,0,2.607739097,FALSE,G1,0.966183575,0.033816425,0,0
AGCTCAACAACCGTGC-1_5,m5,478,385,nb,0,0,0,0,0,0,7.938718663,FALSE,G1,0.909441233,0.087668593,0.002890173,0
AGCTCAAGTTCGGTTA-1_5,m5,7371,1533,nb,0,0,0,0,0,0,2.424318553,FALSE,G1,0.506766917,0.031578947,0.461654135,0
AGGAAATTCATCGACA-1_5,m5,11753,4127,TCCACTACTATCGCTACTACCG,0.072377622,4255.804196,0.341936763,4416.455226,TCCACTACTATCGCTACTACCG_JCW26_M4,0.000841069,2.81281393,TRUE,S,0.146164978,0.23878437,0.615050651,0.174692515
AGGAATACATCGCTCT-1_5,m5,19396,4833,nb,0,0,0,0,0,0,4.649515407,FALSE,G2M,0,0.000999001,0.999000999,0
AGGACGAAGATGCTTC-1_5,m5,26552,5303,nb,0,0,0,0,0,0,3.186786495,FALSE,G2M,0.03030303,0.431313131,0.538383838,0
AGGACTTCAGGCAATG-1_5,m5,408,315,nb,0,0,0,0,0,0,5.287713841,FALSE,G1,0.758403361,0.018907563,0.222689076,0
AGGAGGTAGCCTGAAG-1_5,m5,3879,1752,nb,0,0,0,0,0,0,2.75,FALSE,G1,0.852263023,0.146883006,0.000853971,0
AGGCATTTCATTATCC-1_5,m5,3095,1492,nb,0,0,0,0,0,0,2.638105975,FALSE,G1,0.84,0.024680851,0.135319149,0
AGGCTGCTCTAGGCCG-1_5,m5,501,367,nb,0,0,0,0,0,0,2.01511335,FALSE,G1,0.749771689,0.00913242,0.24109589,0
AGGGCCTGTGATGTAA-1_5,m5,17108,4343,nb,0,0,0,0,0,0,3.495188585,FALSE,G1,0.93508937,0.06491063,0,0
AGGGCTCAGCTCTTCC-1_5,m5,26298,4738,nb,0,0,0,0,0,0,2.012229615,FALSE,S,0.140992167,0.288511749,0.570496084,0
AGGGCTCCATCAGTGT-1_5,m5,17834,4328,nb,0,0,0,0,0,0,2.287707062,FALSE,G1,0.824402308,0.175597692,0,0
AGGGCTCGTCGAGCTC-1_5,m5,969,668,nb,0,0,0,0,0,0,2.603843769,FALSE,G1,0.862068966,0.136206897,0.001724138,0
AGGGTCCGTGGATCGA-1_5,m5,3897,2057,nb,0,0,0,0,0,0,2.937961192,FALSE,G1,0.501002004,0.498997996,0,0
AGGGTGACAAAGGTTA-1_5,m5,3285,1473,nb,0,0,0,0,0,0,2.24485946,FALSE,G1,0.949619772,0.046577947,0.003802281,0
AGGGTTTCACCTTCCA-1_5,m5,10894,3879,nb,0,0,0,0,0,0,3.757261154,FALSE,G2M,0,0.091734787,0.908265213,0
AGGTAGGCATTGTAGC-1_5,m5,20860,4632,nb,0,0,0,0,0,0,2.559865303,FALSE,G2M,0.087356322,0.124137931,0.788505747,0
AGGTCATCAGCCTTCT-1_5,m5,22614,4658,nb,0,0,0,0,0,0,2.652694611,FALSE,G1,0.92936803,0.066914498,0.003717472,0
AGGTCATCATCCTCAC-1_5,m5,6239,3014,nb,0,0,0,0,0,0,3.447245193,FALSE,G1,0.663346614,0.336653386,0,0
AGGTGTTGTTGTAAAG-1_5,m5,21380,4113,nb,0,0,0,0,0,0,3.057521647,FALSE,G1,0.481736733,0.465885596,0.052377671,0
AGGTTGTCAGGTGTTT-1_5,m5,7008,2810,nb,0,0,0,0,0,0,2.088310769,FALSE,G1,0.78516624,0.185421995,0.029411765,0
AGTAACCGTAAGGTCG-1_5,m5,18313,4434,nb,0,0,0,0,0,0,3.237726553,FALSE,G2M,0.001984127,0.020833333,0.97718254,0
AGTACTGAGGCTAACG-1_5,m5,4109,1811,nb,0,0,0,0,0,0,3.026458862,FALSE,G1,0.941398866,0.002835539,0.055765595,0
AGTAGTCAGTTTAGGA-1_5,m5,14901,3738,nb,0,0,0,0,0,0,3.116171561,FALSE,G1,0.555247085,0.444752915,0,0
AGTAGTCTCCCTCAAC-1_5,m5,11786,3473,nb,0,0,0,0,0,0,3.0458075,FALSE,G1,0.72611465,0.03566879,0.238216561,0
AGTCAACCAATGACCT-1_5,m5,14794,3616,nb,0,0,0,0,0,0,2.969648786,FALSE,G1,0.747384155,0.252615845,0,0
AGTCAACTCACGTCCT-1_5,m5,471,395,nb,0,0,0,0,0,0,2.077151335,FALSE,G1,0.597142857,0.389285714,0.013571429,0
AGTCACAGTGACCTGC-1_5,m5,3028,1792,nb,0,0,0,0,0,0,6.883217324,FALSE,G1,0.602772755,0.397227245,0,0
AGTCATGCAGGGATAC-1_5,m5,25530,4488,nb,0,0,0,0,0,0,3.494444444,FALSE,S,0.565153734,0.002928258,0.431918009,0
AGTCATGTCTTTGGAG-1_5,m5,22148,4417,nb,0,0,0,0,0,0,3.29885716,FALSE,G2M,0.194267516,0.04670913,0.759023355,0
AGTGACTGTCAGTCCG-1_5,m5,10953,3614,nb,0,0,0,0,0,0,4.386701872,FALSE,G1,0.691562932,0.308437068,0,0
AGTGCCGAGAGGTTTA-1_5,m5,32701,4502,nb,0,0,0,0,0,0,2.676427663,FALSE,G1,0.796178344,0.203821656,0,0
AGTGCCGAGCACCCAC-1_5,m5,23680,5190,nb,0,0,0,0,0,0,2.88801054,FALSE,G2M,0.310790274,0,0.689209726,0
AGTGCCGGTTCTCCTG-1_5,m5,1433,863,nb,0,0,0,0,0,0,4.915730337,FALSE,G1,0.508233958,0.480976718,0.010789324,0
AGTGTTGGTCCGCAGT-1_5,m5,14539,4030,nb,0,0,0,0,0,0,3.586125808,FALSE,G2M,0.134683099,0.014084507,0.851232394,0
AGTTAGCCACTGAATC-1_5,m5,20298,4501,nb,0,0,0,0,0,0,2.519993964,FALSE,G2M,0.051648352,0,0.948351648,0
AGTTAGCCACTTGTGA-1_5,m5,22832,4753,TCCAGTCGTTACTACTACCG,0,0,0.002085506,26.93639208,TCCAGTCGTTACTACTACCG_JCW26_M4,0.000267174,2.878737357,TRUE,S,0.640856672,0.115321252,0.243822076,0
AGTTAGCTCAGCTCTC-1_5,m5,1905,1167,nb,0,0,0,0,0,0,4.776526783,FALSE,G1,0.961464355,0.037572254,0.000963391,0
AGTTCCCTCCTTGGAA-1_5,m5,17456,4202,nb,0,0,0,0,0,0,2.018536231,FALSE,G2M,0.154690619,0.003992016,0.841317365,0
AGTTCGAAGTGACCTT-1_5,m5,17109,4319,nb,0,0,0,0,0,0,3.439258261,FALSE,G1,0.655290102,0,0.344709898,0
AGTTCGATCGAGAACG-1_5,m5,3530,1741,nb,0,0,0,0,0,0,2.011667673,FALSE,G1,0.681397006,0.238061297,0.080541696,0
ATACCTTTCTGGGATT-1_5,m5,32915,4407,nb,0,0,0,0,0,0,2.593722167,FALSE,S,0.513671875,0.41015625,0.076171875,0
ATACTTCAGATTGCGG-1_5,m5,13793,3721,nb,0,0,0,0,0,0,3.38573156,FALSE,G1,0.886524823,0.113475177,0,0
ATATCCTAGATCACTC-1_5,m5,14732,3955,nb,0,0,0,0,0,0,3.314241228,FALSE,G2M,0,0.008919722,0.991080278,0
ATCACAGCATTGGATC-1_5,m5,364,283,nb,0,0,0,0,0,0,4.753199269,FALSE,G1,0.530956848,0.026266417,0.442776735,0
ATCACGAGTGTTCCAA-1_5,m5,3198,1531,nb,0,0,0,0,0,0,2.792281498,FALSE,G1,0.667378917,0.310541311,0.022079772,0
ATCAGGTCATCAGTGT-1_5,m5,12035,3784,nb,0,0,0,0,0,0,2.238217832,FALSE,S,0.686502177,0.01161103,0.301886792,0
ATCAGGTTCAGAGCGA-1_5,m5,20954,4059,nb,0,0,0,0,0,0,2.625900596,FALSE,G1,0.532388664,0.009109312,0.458502024,0
ATCATTCAGCGTCAAG-1_5,m5,14319,2542,nb,0,0,0,0,0,0,2.277511962,FALSE,G2M,0,0.102333932,0.897666068,0
ATCATTCCAGAAGCGT-1_5,m5,23007,4453,nb,0,0,0,0,0,0,2.486280659,FALSE,G1,0.821888412,0.016094421,0.162017167,0
ATCATTCTCTGCTAGA-1_5,m5,23702,3892,nb,0,0,0,0,0,0,3.883678005,FALSE,G2M,0.021589794,0.122669284,0.855740922,0
ATCCACCAGCGGTAGT-1_5,m5,15481,3843,nb,0,0,0,0,0,0,3.121372372,FALSE,G1,0.964320154,0.035679846,0,0
ATCCCTGAGAAACACT-1_5,m5,600,441,nb,0,0,0,0,0,0,2.031602709,FALSE,G1,0.703891709,0.219966159,0.076142132,0
ATCCGTCAGAATTGCA-1_5,m5,11023,3521,nb,0,0,0,0,0,0,2.264762801,FALSE,G1,0.868055556,0.131944444,0,0
ATCCTATTCCAACTAG-1_5,m5,506,281,nb,0,0,0,0,0,0,2.44648318,FALSE,G2M,0.319702602,0.014869888,0.665427509,0
ATCGGATTCCTAGCTC-1_5,m5,19591,4232,nb,0,0,0,0,0,0,3.329966213,FALSE,G1,0.443979933,0.555183946,0.00083612,0
ATCGGCGGTGGGAGAG-1_5,m5,10012,2143,nb,0,0,0,0,0,0,2.145401554,FALSE,G2M,0.159235669,0.07537155,0.765392781,0
ATCGTAGGTAGCGTTT-1_5,m5,5773,2249,TCCACTACTATCGCTACTACCG,0.072377622,4255.804196,0.341936763,4416.455226,TCCACTACTATCGCTACTACCG_JCW26_M4,0.000841069,4.554790383,TRUE,G1,0.970873786,0.00776699,0.021359223,0.174692515
ATCGTGAAGGGCAATC-1_5,m5,3200,1700,nb,0,0,0,0,0,0,2.868852459,FALSE,G1,0.972440945,0.024606299,0.002952756,0
ATCTCTAGTGTCATCA-1_5,m5,4846,2134,nb,0,0,0,0,0,0,2.757099531,FALSE,G1,0.935969868,0.060263653,0.003766478,0
ATCTTCAAGCTTGTGT-1_5,m5,1812,1132,nb,0,0,0,0,0,0,2.092198582,FALSE,G1,0.85106383,0.130212766,0.018723404,0
ATGAGTCTCACCGGTG-1_5,m5,390,309,nb,0,0,0,0,0,0,2.825745683,FALSE,G1,0.803030303,0.007575758,0.189393939,0
ATGCATGCAAAGTATG-1_5,m5,5561,2772,nb,0,0,0,0,0,0,8.061995311,FALSE,G1,0.835996636,0.163162321,0.000841043,0
ATGCATGTCGCCTTTG-1_5,m5,3204,1592,nb,0,0,0,0,0,0,2.862376918,FALSE,G1,0.85106383,0.016651249,0.132284921,0
ATGGATCGTATGAAAC-1_5,m5,3607,1930,nb,0,0,0,0,0,0,3.288260602,FALSE,G1,0.791129032,0.208870968,0,0
ATGGGAGCAACTTCTT-1_5,m5,11218,3472,nb,0,0,0,0,0,0,2.723821053,FALSE,G1,0.822753504,0.177246496,0,0
ATGGTTGGTAAGACCG-1_5,m5,20970,4337,nb,0,0,0,0,0,0,2.071385774,FALSE,S,0.623306233,0.135501355,0.241192412,0
ATGTCCCGTCGAATTC-1_5,m5,17627,3949,nb,0,0,0,0,0,0,2.458595926,FALSE,G1,0.819761129,0.169381107,0.010857763,0
ATGTCTTTCGGCTATA-1_5,m5,12586,4080,nb,0,0,0,0,0,0,2.756722831,FALSE,G1,0.827129859,0.172870141,0,0
ATTACCTAGTGGTCAG-1_5,m5,11170,3548,nb,0,0,0,0,0,0,2.639041611,FALSE,G2M,0.135723431,0.110115237,0.754161332,0
ATTATCCAGCTCACTA-1_5,m5,13294,3673,nb,0,0,0,0,0,0,2.934726823,FALSE,G1,0.970873786,0.029126214,0,0
ATTATCCTCAAAGCCT-1_5,m5,2105,872,nb,0,0,0,0,0,0,2.495908347,FALSE,G1,0.617706237,0.163983903,0.218309859,0
ATTATCCTCGAGTTGT-1_5,m5,12407,3837,nb,0,0,0,0,0,0,7.744422381,FALSE,G2M,0.107365793,0.032459426,0.860174782,0
ATTCAGGGTTCAGGTT-1_5,m5,18988,4136,nb,0,0,0,0,0,0,2.596992956,FALSE,G1,0.639344262,0.001092896,0.359562842,0
ATTCCCGCAAGAGATT-1_5,m5,14285,4168,nb,0,0,0,0,0,0,2.341389728,FALSE,G1,0.959566075,0.038461538,0.001972387,0
ATTCCTATCATGAAAG-1_5,m5,21540,3922,nb,0,0,0,0,0,0,2.87011983,FALSE,G1,0.862068966,0.127789047,0.010141988,0
ATTCGTTTCTTTGATC-1_5,m5,2259,1238,nb,0,0,0,0,0,0,4.69775475,FALSE,G1,0.741679873,0.041204437,0.217115689,0
ATTCTACTCAGGGATG-1_5,m5,11228,3837,nb,0,0,0,0,0,0,2.828024118,FALSE,G1,0.728332119,0.271667881,0,0
ATTGGGTAGCGGTAAC-1_5,m5,623,430,nb,0,0,0,0,0,0,5.469556244,FALSE,G1,0.74089404,0.000827815,0.258278146,0
ATTGTTCCATGTGTCA-1_5,m5,8984,3337,nb,0,0,0,0,0,0,4.029599238,FALSE,G2M,0.021100917,0.090825688,0.888073394,0
ATTGTTCGTAACGCGA-1_5,m5,7483,3001,nb,0,0,0,0,0,0,2.564102564,FALSE,G1,0.646412411,0.353587589,0,0
ATTTCACAGCTGGAGT-1_5,m5,5892,2382,nb,0,0,0,0,0,0,2.830674215,FALSE,G1,0.401278977,0.520383693,0.07833733,0
ATTTCACAGGAGTACC-1_5,m5,24723,4923,TCCAGTATCGTTACTACTACCG,0.090909091,5345.454545,0.039469489,509.7879161,TCCAGTATCGTTACTACTACCG_JCW26_M4,0.000167399,2.405608627,TRUE,S,0.437424058,0.007290401,0.555285541,0.697270142
ATTTCTGCAACCGATT-1_5,m5,9633,3513,TCCAGCTATCGTTACGACGCTACTACCG,0,0,0,0,TCCAGCTATCGTTACGACGCTACTACCG_JCW26_M4,0.000565779,2.539174928,TRUE,G1,0.82998944,0.012671595,0.157338965,0
ATTTCTGTCGTGGTAT-1_5,m5,19883,4366,nb,0,0,0,0,0,0,2.675595899,FALSE,G2M,0.017288444,0.50500455,0.477707006,0
CAACAACAGTCTAGAA-1_5,m5,1733,1030,nb,0,0,0,0,0,0,4.462123833,FALSE,G1,0.869646182,0.097765363,0.032588454,0
CAACAACTCTAGTACG-1_5,m5,327,274,nb,0,0,0,0,0,0,2.140077821,FALSE,S,0.605363985,0.052362708,0.342273308,0
CAACCTCGTCTTGAAC-1_5,m5,15117,3837,TCCATCTACTATCGTTACGGTAGCTACTACCG,0.63041958,37068.67133,0.316086258,4082.570113,TCCATCTACTATCGTTACGGTAGCTACTACCG_JCW26_M4,0.000340449,2.672058027,TRUE,G1,0.732155997,0.267844003,0,0.666049331
CAACGATTCGTCTAAG-1_5,m5,16444,4194,nb,0,0,0,0,0,0,2.218988723,FALSE,G1,0.524960589,0.475039411,0,0
CAACGGCTCAATGTCG-1_5,m5,13753,4139,nb,0,0,0,0,0,0,3.53066223,FALSE,G2M,0.011208967,0.227381906,0.761409127,0
CAAGACTGTTCTTGTT-1_5,m5,3905,1925,nb,0,0,0,0,0,0,2.262531695,FALSE,G1,0.944287063,0.055712937,0,0
CAAGCTAAGGACTGGT-1_5,m5,9105,3224,nb,0,0,0,0,0,0,4.683485936,FALSE,G1,0.68212824,0.31787176,0,0
CAAGGGAGTCTAGATC-1_5,m5,691,484,TCCAGTAGCTATCGTTACGGTAGCTACTACCG,0,0,0.056075974,724.2772861,TCCAGTAGCTATCGTTACGGTAGCTACTACCG_JCW26_M4,9.08E-05,2.790697674,TRUE,G1,0.681978799,0.151060071,0.166961131,0
CAATACGGTAATTAGG-1_5,m5,337,262,nb,0,0,0,0,0,0,2.994011976,FALSE,G1,0.654411765,0.00210084,0.343487395,0
CAATCGAGTAGTCTGT-1_5,m5,15262,3783,nb,0,0,0,0,0,0,3.247381483,FALSE,S,0.37962963,0.554526749,0.065843621,0
CACAACACACTAGGCC-1_5,m5,635,359,nb,0,0,0,0,0,0,6.75862069,FALSE,G2M,0.017975402,0.041627247,0.940397351,0
CACAACAGTCGTGCCA-1_5,m5,10113,3233,nb,0,0,0,0,0,0,4.216976032,FALSE,G1,0.68650519,0.31349481,0,0
CACACAACAAATGCGG-1_5,m5,2217,1230,nb,0,0,0,0,0,0,4.655493482,FALSE,G1,0.701052632,0.298947368,0,0
CACAGATAGCGCCCAT-1_5,m5,1742,1065,TCTACTATCGTTACGACGTAGCTACTACCG,0,0,0,0,TCTACTATCGTTACGACGTAGCTACTACCG_JCW26_M4,4.91E-05,2.683178535,TRUE,G1,0.520713464,0.476409666,0.00287687,0
CACATGAGTAGCGCCT-1_5,m5,1430,912,TCCAGTCGTTACGACGTGGCTACTACCG,0,0,0,0,TCCAGTCGTTACGACGTGGCTACTACCG_JCW26_M4,0,2.783109405,TRUE,G1,0.803600655,0.184942717,0.011456628,0
CACATGATCCACACCT-1_5,m5,6206,2735,nb,0,0,0,0,0,0,2.860797767,FALSE,G2M,0.104846686,0.010880317,0.884272997,0
CACGGGTGTGACACGA-1_5,m5,11283,3636,nb,0,0,0,0,0,0,8.95802759,FALSE,G1,0.768049155,0.231950845,0,0
CACGGGTTCAAGCTTG-1_5,m5,4300,1995,nb,0,0,0,0,0,0,2.947719689,FALSE,G1,0.805182342,0.148752399,0.046065259,0
CACGGGTTCGCAGAGA-1_5,m5,10995,3389,nb,0,0,0,0,0,0,2.585123571,FALSE,G1,0.890047393,0.103317536,0.006635071,0
CACGTGGGTCTGTAGT-1_5,m5,1248,809,nb,0,0,0,0,0,0,4.597701149,FALSE,G1,0.638780297,0.347928069,0.013291634,0
CACGTTCAGCTTAAGA-1_5,m5,2163,1219,nb,0,0,0,0,0,0,3.025718608,FALSE,S,0.214092141,0.626693767,0.159214092,0
CACGTTCGTGGCTAGA-1_5,m5,1870,1061,nb,0,0,0,0,0,0,4.098360656,FALSE,G1,0.848458904,0.060787671,0.090753425,0
CACGTTCTCTCGCGTT-1_5,m5,21330,2197,nb,0,0,0,0,0,0,3.065979887,FALSE,G1,0.900184843,0.097966728,0.001848429,0
CACTAAGAGGGTGGGA-1_5,m5,416,319,nb,0,0,0,0,0,0,2.184087363,FALSE,G1,0.836223507,0.103082852,0.060693642,0
CACTAAGCAACGACTT-1_5,m5,18589,4515,nb,0,0,0,0,0,0,3.39658638,FALSE,G1,1,0,0,0
CACTAAGCAGGGCTTC-1_5,m5,31509,5008,nb,0,0,0,0,0,0,2.494609696,FALSE,G1,0.587750294,0.412249706,0,0
CACTAAGTCGCCGTGA-1_5,m5,3892,1822,nb,0,0,0,0,0,0,3.139013453,FALSE,G1,0.728550296,0.25,0.021449704,0
CACTGAAAGCTGTTAC-1_5,m5,15657,2964,nb,0,0,0,0,0,0,2.064169952,FALSE,G2M,0,0.001,0.999,0
CACTGAATCTTGATTC-1_5,m5,12756,2390,nb,0,0,0,0,0,0,3.530365566,FALSE,G2M,0.060606061,0.005050505,0.934343434,0
CACTGGGGTACCGGCT-1_5,m5,628,440,nb,0,0,0,0,0,0,5.028571429,FALSE,G1,0.859019264,0.016637478,0.124343257,0
CACTTCGAGCATTTCG-1_5,m5,1342,889,nb,0,0,0,0,0,0,5.002632965,FALSE,G1,0.715629522,0.283646889,0.000723589,0
CACTTCGTCCATTCGC-1_5,m5,17961,4362,nb,0,0,0,0,0,0,2.207014542,FALSE,G1,0.863557858,0.136442142,0,0
CAGATCACACTTGTCC-1_5,m5,1987,1133,nb,0,0,0,0,0,0,2.310606061,FALSE,G1,0.58013245,0.019205298,0.400662252,0
CAGATCAGTCCTCCTA-1_5,m5,2214,1271,nb,0,0,0,0,0,0,7.199211045,FALSE,G1,0.788461538,0.110323887,0.101214575,0
CAGATTGGTCGCCACA-1_5,m5,4220,2300,nb,0,0,0,0,0,0,3.323216995,FALSE,G1,0.498684903,0.500789058,0.000526039,0
CAGATTGTCGTAACTG-1_5,m5,4141,1844,nb,0,0,0,0,0,0,2.114701404,FALSE,G1,0.507868383,0.344062947,0.14806867,0
CAGCAATAGTCTGCGC-1_5,m5,2223,1312,nb,0,0,0,0,0,0,3.43847684,FALSE,G1,0.82895851,0.17019475,0.00084674,0
CAGCAATCAGAACTTC-1_5,m5,1569,921,nb,0,0,0,0,0,0,2.371843917,FALSE,G1,0.767111853,0.222036728,0.010851419,0
CAGCAATTCTCGCTTG-1_5,m5,2257,1259,nb,0,0,0,0,0,0,2.621271467,FALSE,G1,0.928438662,0.060408922,0.011152416,0
CAGCACGTCGTTCGCT-1_5,m5,9554,3595,nb,0,0,0,0,0,0,2.810077519,FALSE,G2M,0,0.006951341,0.993048659,0
CAGCGTGCAAACTCTG-1_5,m5,458,295,nb,0,0,0,0,0,0,8.990825688,FALSE,G2M,0.336314848,0.075134168,0.588550984,0
CAGGGCTAGCCGGAAT-1_5,m5,20647,4306,nb,0,0,0,0,0,0,3.480593349,FALSE,S,0.485542169,0.075903614,0.438554217,0
CAGGGCTGTACCGGCT-1_5,m5,6484,2636,nb,0,0,0,0,0,0,3.226652676,FALSE,G1,0.754303599,0.230829421,0.01486698,0
CAGGGCTGTCAGACGA-1_5,m5,17121,4074,nb,0,0,0,0,0,0,2.206272319,FALSE,G1,0.854576561,0.145423439,0,0
CAGGGCTTCTTTGGAG-1_5,m5,19084,4355,nb,0,0,0,0,0,0,3.318296767,FALSE,G1,0.914076782,0.085923218,0,0
CAGGTATGTATCGGTT-1_5,m5,638,424,nb,0,0,0,0,0,0,3.027027027,FALSE,G1,0.861348528,0.081671415,0.056980057,0
CAGGTATTCATCACCC-1_5,m5,12459,3426,nb,0,0,0,0,0,0,3.590347263,FALSE,S,0.708661417,0.226771654,0.064566929,0
CAGTGCGTCGCATTGA-1_5,m5,9296,2964,nb,0,0,0,0,0,0,2.237734864,FALSE,G1,0.987090367,0.011916584,0.000993049,0
CAGTTAGCAAGTCCCG-1_5,m5,460,388,nb,0,0,0,0,0,0,2.301790281,FALSE,G2M,0.485008818,0.003527337,0.511463845,0
CAGTTCCCAATATCCG-1_5,m5,34287,5519,nb,0,0,0,0,0,0,3.592297477,FALSE,G1,0.526038927,0.473961073,0,0
CATAAGCCATCACAGT-1_5,m5,5170,2152,nb,0,0,0,0,0,0,2.661122661,FALSE,G1,0.628205128,0.352564103,0.019230769,0
CATACAGTCCCTCGAT-1_5,m5,12041,4018,TCCACTACTATCGTTACGAGCTACTACCG,0,0,0.055096419,711.6253444,TCCACTACTATCGTTACGAGCTACTACCG_JCW26_M4,0.00239489,2.823801398,TRUE,G1,0.539173014,0.460826986,0,0
CATACCCTCAGTGTGT-1_5,m5,9190,3482,nb,0,0,0,0,0,0,3.698892383,FALSE,G1,0.721500722,0.278499278,0,0
CATACTTAGGAACGAA-1_5,m5,4671,2408,nb,0,0,0,0,0,0,4.77852349,FALSE,G1,0.586510264,0.413489736,0,0
CATCCCAAGTTAGAAC-1_5,m5,22684,4833,nb,0,0,0,0,0,0,3.085771166,FALSE,G2M,0.027327935,0.002024291,0.970647773,0
CATCGGGGTCAAATCC-1_5,m5,10012,3601,nb,0,0,0,0,0,0,4.423553838,FALSE,G1,0.690179806,0.309820194,0,0
CATGCAAAGCGCCTCA-1_5,m5,7154,2833,nb,0,0,0,0,0,0,2.637703646,FALSE,G1,0.916590284,0.083409716,0,0
CATGCAACATCCGAAT-1_5,m5,449,294,nb,0,0,0,0,0,0,2.44648318,FALSE,G1,0.620377979,0.008216927,0.371405094,0
CATGCAATCCTAAGTG-1_5,m5,5080,2133,nb,0,0,0,0,0,0,4.386323389,FALSE,G1,0.805509182,0.107679466,0.086811352,0
CATGCGGAGCCTCTCT-1_5,m5,13546,2955,nb,0,0,0,0,0,0,2.00874329,FALSE,G1,0.813232831,0.186767169,0,0
CATGCGGCAGGACAGT-1_5,m5,14296,3658,nb,0,0,0,0,0,0,4.493837139,FALSE,G1,0.77579519,0.22420481,0,0
CATGGATGTGGTTCTA-1_5,m5,19091,4633,nb,0,0,0,0,0,0,2.443326583,FALSE,G1,0.688320663,0.311679337,0,0
CATTCCGCAAGTGGTG-1_5,m5,19838,4363,nb,0,0,0,0,0,0,3.191251953,FALSE,G1,0.598350254,0.401649746,0,0
CATTCCGGTTGGGTAG-1_5,m5,27877,4851,nb,0,0,0,0,0,0,2.261586189,FALSE,G1,0.809562399,0.190437601,0,0
CATTCCGTCCTCTGCA-1_5,m5,14704,3804,nb,0,0,0,0,0,0,2.602774275,FALSE,G1,0.633312223,0.366687777,0,0
CATTGAGCAATCGAAA-1_5,m5,629,516,nb,0,0,0,0,0,0,2.073050346,FALSE,G1,0.797445255,0.004562044,0.197992701,0
CATTGAGTCCTCACGT-1_5,m5,12946,3919,nb,0,0,0,0,0,0,2.531022257,FALSE,G1,0.963438735,0.03458498,0.001976285,0
CATTGTTCACTCCTTG-1_5,m5,18654,5303,nb,0,0,0,0,0,0,5.156443731,FALSE,G2M,0.012406948,0.100496278,0.887096774,0
CATTGTTGTGCCCTTT-1_5,m5,8858,3473,nb,0,0,0,0,0,0,4.014137844,FALSE,G1,0.834724541,0.165275459,0,0
CATTTCAAGATGCAGC-1_5,m5,14067,3704,nb,0,0,0,0,0,0,2.507185496,FALSE,G1,0.914913083,0.085086917,0,0
CATTTCAGTTCGGTCG-1_5,m5,15113,4203,nb,0,0,0,0,0,0,3.890012479,FALSE,G1,0.718299712,0.281700288,0,0
CCAAGCGTCGCTGATA-1_5,m5,16240,3800,nb,0,0,0,0,0,0,2.936198685,FALSE,G1,0.733027523,0.264220183,0.002752294,0
CCAATGAGTACTAAGA-1_5,m5,3385,1669,nb,0,0,0,0,0,0,4.457451598,FALSE,G1,0.586395622,0.332290852,0.081313526,0
CCAATGAGTAGGTACG-1_5,m5,464,361,nb,0,0,0,0,0,0,2.005347594,FALSE,G1,0.707344633,0.010169492,0.282485876,0
CCAATGATCCAGTTCC-1_5,m5,6856,2980,TCCAGTACCCGTAACGCTACTACCG,0,0,0.008342023,107.7455683,TCCAGTACCCGTAACGCTACTACCG_JCW26_M4,2.52E-07,2.529302899,TRUE,G1,0.643915003,0.356084997,0,0
CCACCATCATCACGGC-1_5,m5,22370,5013,nb,0,0,0,0,0,0,4.330077712,FALSE,G1,0.845601436,0.149910233,0.00448833,0
CCACGAGCACTTGAAC-1_5,m5,11113,3057,nb,0,0,0,0,0,0,2.926152488,FALSE,G1,0.866088632,0.132947977,0.000963391,0
CCATCACGTCCAGCGT-1_5,m5,11193,3292,nb,0,0,0,0,0,0,2.722621513,FALSE,G2M,0.35585157,0.012369172,0.631779258,0
CCATCACTCTCGCGTT-1_5,m5,9720,3023,nb,0,0,0,0,0,0,3.051660248,FALSE,G1,0.933520599,0.064606742,0.001872659,0
CCCGAAGGTGCAGTGA-1_5,m5,11494,2798,nb,0,0,0,0,0,0,3.249948029,FALSE,G1,0.608187135,0.391163093,0.000649773,0
CCCGAAGGTTTCGTAG-1_5,m5,8594,3243,nb,0,0,0,0,0,0,4.730465559,FALSE,G1,0.92506938,0.07493062,0,0
CCCTAACCAATCTAGC-1_5,m5,919,572,nb,0,0,0,0,0,0,2.437275986,FALSE,G1,0.894878706,0.086253369,0.018867925,0
CCCTCTCAGCTGCGAA-1_5,m5,1344,845,nb,0,0,0,0,0,0,3.512195122,FALSE,G1,0.549190535,0.448318804,0.00249066,0
CCCTCTCTCATCCTGC-1_5,m5,1766,1075,nb,0,0,0,0,0,0,3.446940356,FALSE,G1,0.630102041,0.367984694,0.001913265,0
CCCTTAGAGCATCCCG-1_5,m5,10080,3418,nb,0,0,0,0,0,0,2.617071897,FALSE,G1,0.733675715,0.266324285,0,0
CCCTTAGAGGAGCAAA-1_5,m5,581,454,nb,0,0,0,0,0,0,2.262443439,FALSE,G1,0.562166963,0.321492007,0.11634103,0
CCGAACGTCCAAGCAT-1_5,m5,9290,1624,nb,0,0,0,0,0,0,8.144660389,FALSE,G1,0.534090909,0.018716578,0.447192513,0
CCGAACGTCTGGCCGA-1_5,m5,12294,3872,nb,0,0,0,0,0,0,3.100585938,FALSE,G2M,0,0.001996008,0.998003992,0
CCGATCTCAGAGGTAC-1_5,m5,10120,3681,nb,0,0,0,0,0,0,3.612237376,FALSE,G2M,0.019527235,0.062692703,0.917780062,0
CCGATGGCACTATCCC-1_5,m5,2645,1102,nb,0,0,0,0,0,0,6.033376123,FALSE,G2M,0.318559557,0.013157895,0.668282548,0
CCGCAAGGTTCGTACA-1_5,m5,11051,3673,nb,0,0,0,0,0,0,2.267533837,FALSE,G1,0.865451389,0.134548611,0,0
CCGGACAAGTGCCTCG-1_5,m5,434,268,nb,0,0,0,0,0,0,5.587668593,FALSE,G1,0.811676083,0.029190207,0.15913371,0
CCGGGTAGTGGTCTAT-1_5,m5,13639,4030,nb,0,0,0,0,0,0,4.642823441,FALSE,G1,0.619578686,0.380421314,0,0
CCGGTAGTCTTCACAT-1_5,m5,12036,3582,nb,0,0,0,0,0,0,3.246218747,FALSE,G1,0.734214391,0.265785609,0,0
CCTAACCTCGTGACTA-1_5,m5,20375,4143,nb,0,0,0,0,0,0,2.624908857,FALSE,G2M,0.007974482,0.214513557,0.777511962,0
CCTAAGAGTGCACAAG-1_5,m5,1227,737,nb,0,0,0,0,0,0,2.310654685,FALSE,G2M,0.005923001,0.006910168,0.987166831,0
CCTAAGAGTGCGTCGT-1_5,m5,2503,1328,nb,0,0,0,0,0,0,3.823109843,FALSE,G1,0.86115993,0.073813708,0.065026362,0
CCTATCGGTTTCGACA-1_5,m5,19652,4770,nb,0,0,0,0,0,0,3.433351636,FALSE,S,0.265486726,0.030973451,0.703539823,0
CCTCACAGTATGCTTG-1_5,m5,3677,1630,nb,0,0,0,0,0,0,3.055326177,FALSE,G1,0.552451893,0.268777157,0.17877095,0
CCTCACAGTGCCGGTT-1_5,m5,19559,4745,nb,0,0,0,0,0,0,2.615008774,FALSE,G1,0.843881857,0.156118143,0,0
CCTCATGCATCTTTCA-1_5,m5,22354,4138,nb,0,0,0,0,0,0,2.123386884,FALSE,G2M,0.118270079,0.022065313,0.859664607,0
CCTCATGGTGTGTGTT-1_5,m5,363,298,nb,0,0,0,0,0,0,2.094240838,FALSE,G1,0.606407323,0.014874142,0.378718535,0
CCTCATGGTTAGGGAC-1_5,m5,13895,4015,nb,0,0,0,0,0,0,3.492077543,FALSE,G1,0.548546352,0.451453648,0,0
CCTCCAAGTGACAACG-1_5,m5,3534,1820,nb,0,0,0,0,0,0,2.735300452,FALSE,G1,0.86979628,0.015057573,0.115146147,0
CCTCCTCGTCACGCTG-1_5,m5,35057,5475,nb,0,0,0,0,0,0,2.007287181,FALSE,G1,0.642294713,0.012373453,0.345331834,0
CCTCTAGAGATCGCCC-1_5,m5,13361,2676,nb,0,0,0,0,0,0,2.014042868,FALSE,G1,0.702870442,0.294802172,0.002327386,0
CCTCTAGTCAGAATAG-1_5,m5,7919,3238,nb,0,0,0,0,0,0,3.784431138,FALSE,G1,0.997008973,0.002991027,0,0
CCTGTTGCAGCGTAGA-1_5,m5,30535,4271,nb,0,0,0,0,0,0,2.449845679,FALSE,G2M,0.000868056,0.197048611,0.802083333,0
CCTGTTGGTACCATAC-1_5,m5,1513,906,nb,0,0,0,0,0,0,6.151832461,FALSE,G1,0.502628812,0.497371188,0,0
CCTTTGGAGGGATCAC-1_5,m5,12740,3073,nb,0,0,0,0,0,0,2.48308326,FALSE,G1,0.922509225,0.077490775,0,0
CGAAGGAGTAGAGACC-1_5,m5,18438,4613,nb,0,0,0,0,0,0,3.496825553,FALSE,S,0.138847858,0.161004431,0.70014771,0
CGAGAAGCAATCTGCA-1_5,m5,22989,3684,nb,0,0,0,0,0,0,2.444436491,FALSE,G1,0.778733385,0.221266615,0,0
CGAGAAGGTATCAAGA-1_5,m5,1333,871,nb,0,0,0,0,0,0,2.23880597,FALSE,G1,0.67965368,0.006493506,0.313852814,0
CGAGGCTGTCCTCCTA-1_5,m5,10478,3656,nb,0,0,0,0,0,0,3.075408317,FALSE,G1,0.852389078,0.147610922,0,0
CGAGTTAAGAACAGGA-1_5,m5,10128,3592,nb,0,0,0,0,0,0,3.401846887,FALSE,G1,0.81366965,0.18633035,0,0
CGAGTTATCAAGGACG-1_5,m5,6963,2978,nb,0,0,0,0,0,0,6.73379484,FALSE,G2M,0.139534884,0.198837209,0.661627907,0
CGATCGGTCAAGGTGG-1_5,m5,567,380,nb,0,0,0,0,0,0,3.969465649,FALSE,G2M,0.179119754,0.021494371,0.799385875,0
CGCATAAAGCATCCCG-1_5,m5,15994,3226,nb,0,0,0,0,0,0,2.46824703,FALSE,S,0.549839228,0.128617363,0.321543408,0
CGCATGGCAAGCGAAC-1_5,m5,401,295,nb,0,0,0,0,0,0,2.53164557,FALSE,G1,0.496194825,0.011415525,0.49238965,0
CGCCATTCACTACCCT-1_5,m5,17042,4574,nb,0,0,0,0,0,0,3.379302262,FALSE,S,0.198237885,0.086637298,0.715124816,0
CGGAACCCACTAGGCC-1_5,m5,20734,5058,nb,0,0,0,0,0,0,2.971341499,FALSE,G2M,0,0.001996008,0.998003992,0
CGGAACCGTGACCTGC-1_5,m5,11848,4407,TCCAGTATCGTTACGACTACTACCG,0.049300699,2898.881119,0.039018491,503.9628286,TCCAGTATCGTTACGACTACTACCG_JCW26_M4,0.000264665,3.480011504,TRUE,G2M,0,0.000999001,0.999000999,0.558210498
CGGAGAAAGCCGGAAT-1_5,m5,5815,2522,nb,0,0,0,0,0,0,2.649151615,FALSE,G1,0.847789116,0.152210884,0,0
CGGAGAAGTATCGAGG-1_5,m5,9430,3011,nb,0,0,0,0,0,0,4.501003821,FALSE,G1,0.930905696,0.069094304,0,0
CGGCAGTCATACCGTA-1_5,m5,31874,4842,nb,0,0,0,0,0,0,2.015581445,FALSE,G2M,0.009950249,0,0.990049751,0
CGGGCATTCCCAACTC-1_5,m5,25123,4739,nb,0,0,0,0,0,0,2.553347825,FALSE,G1,0.759259259,0.236111111,0.00462963,0
CGTAATGCAACTCCCT-1_5,m5,910,603,nb,0,0,0,0,0,0,3.21872714,FALSE,G1,0.756711409,0.166107383,0.077181208,0
CGTAATGGTCAAGGCA-1_5,m5,8438,2551,nb,0,0,0,0,0,0,2.418655098,FALSE,G2M,0.00530504,0.114058355,0.880636605,0
CGTAGTAAGGTAGTCG-1_5,m5,636,287,nb,0,0,0,0,0,0,2.489626556,FALSE,G1,0.897782064,0.068466731,0.033751205,0
CGTAGTACATTGCCGG-1_5,m5,24023,3984,nb,0,0,0,0,0,0,2.012378777,FALSE,G1,0.927014218,0.018009479,0.054976303,0
CGTGATAGTTAAGTCC-1_5,m5,716,494,nb,0,0,0,0,0,0,2.714535902,FALSE,G1,0.844334975,0.001970443,0.153694581,0
CGTGCTTAGAGGTATT-1_5,m5,3284,1642,nb,0,0,0,0,0,0,6.619776583,FALSE,G1,0.830833333,0.166666667,0.0025,0
CGTGCTTTCAAATGCC-1_5,m5,7450,2655,nb,0,0,0,0,0,0,2.560302955,FALSE,G1,0.871086556,0.046961326,0.081952118,0
CGTTCTGGTTCATCGA-1_5,m5,20352,3923,nb,0,0,0,0,0,0,2.144366197,FALSE,S,0.587610619,0.049557522,0.362831858,0
CTAACTTAGAAACTGT-1_5,m5,14382,2917,nb,0,0,0,0,0,0,2.530637255,FALSE,G1,0.505908419,0.411373708,0.082717873,0
CTAAGTGGTGCTGCAC-1_5,m5,2343,1354,nb,0,0,0,0,0,0,4.763137458,FALSE,G1,0.868043088,0.13016158,0.001795332,0
CTACCCAAGTACTGGG-1_5,m5,6958,2964,TCCAGTATCGTTACGACTACTACCG,0.049300699,2898.881119,0.039018491,503.9628286,TCCAGTATCGTTACGACTACTACCG_JCW26_M4,0.000264665,2.11790211,TRUE,G1,0.809716599,0.190283401,0,0.558210498
CTACGGGTCGGAAGGT-1_5,m5,21904,4553,nb,0,0,0,0,0,0,2.512756616,FALSE,G1,0.865502183,0.134497817,0,0
CTACGGGTCTCAAAGC-1_5,m5,1015,435,nb,0,0,0,0,0,0,5.600722674,FALSE,G2M,0.392061281,0.006267409,0.601671309,0
CTACTATCAGCCTATA-1_5,m5,31136,4851,nb,0,0,0,0,0,0,2.063203778,FALSE,G1,0.875816993,0.05751634,0.066666667,0
CTACTATGTTAACAGA-1_5,m5,22579,4589,nb,0,0,0,0,0,0,3.273882238,FALSE,G2M,0.160367722,0,0.839632278,0
CTACTATTCCTTATAC-1_5,m5,429,291,nb,0,0,0,0,0,0,7.928802589,FALSE,G1,0.750569476,0.050113895,0.199316629,0
CTAGACAAGACCTGGA-1_5,m5,16194,3125,nb,0,0,0,0,0,0,3.634066212,FALSE,G1,0.835146444,0.164853556,0,0
CTAGACACATATAGCC-1_5,m5,639,433,nb,0,0,0,0,0,0,5.825242718,FALSE,G2M,0.236681223,0.176419214,0.586899563,0
CTAGACAGTATGCAAA-1_5,m5,8978,3264,nb,0,0,0,0,0,0,2.571300963,FALSE,G1,0.742942051,0.257057949,0,0
CTATCCGCACCTCTGT-1_5,m5,13220,3704,nb,0,0,0,0,0,0,3.053642133,FALSE,G1,0.753776435,0.246223565,0,0
CTATCTAGTGATACAA-1_5,m5,824,615,nb,0,0,0,0,0,0,2.798634812,FALSE,G1,0.962391514,0.037608486,0,0
CTCAACCCAAAGGTTA-1_5,m5,2939,1219,nb,0,0,0,0,0,0,2.019607843,FALSE,G1,0.874125874,0.119755245,0.006118881,0
CTCAAGAAGCTAATGA-1_5,m5,11791,3701,nb,0,0,0,0,0,0,8.882331994,FALSE,G1,0.831114809,0.168885191,0,0
CTCACTGTCATGCCGG-1_5,m5,17775,4444,nb,0,0,0,0,0,0,3.13253012,FALSE,G1,0.666222518,0.333777482,0,0
CTCAGGGAGCCGTAAG-1_5,m5,8519,3069,nb,0,0,0,0,0,0,3.524509111,FALSE,G2M,0,0.244142101,0.755857899,0
CTCAGGGCAGGAGGTT-1_5,m5,8122,2946,nb,0,0,0,0,0,0,3.216772631,FALSE,G1,0.349206349,0.650132275,0.000661376,0
CTCAGTCTCTAGAGCT-1_5,m5,2796,1585,nb,0,0,0,0,0,0,2.012342367,FALSE,G1,0.70058382,0.189324437,0.110091743,0
CTCATCGCATGGAATA-1_5,m5,13345,3805,nb,0,0,0,0,0,0,2.065104902,FALSE,G1,0.975490196,0.023529412,0.000980392,0
CTCATGCTCGTTGCCT-1_5,m5,12599,2563,nb,0,0,0,0,0,0,6.489160483,FALSE,G2M,0.193425076,0.141437309,0.665137615,0
CTCATTAAGTCACTAC-1_5,m5,1144,531,nb,0,0,0,0,0,0,5.681818182,FALSE,G2M,0.057492931,0.006597549,0.935909519,0
CTCATTACATCACCAA-1_5,m5,4359,2041,nb,0,0,0,0,0,0,3.564797623,FALSE,G1,0.80834753,0.190800681,0.000851789,0
CTCCAACGTGCACATT-1_5,m5,10154,3537,nb,0,0,0,0,0,0,3.977864583,FALSE,G1,0.711078928,0.288196959,0.000724113,0
CTCCATGAGACTTCAC-1_5,m5,524,373,nb,0,0,0,0,0,0,6.311360449,FALSE,G2M,0.34264232,0.040816327,0.616541353,0
CTCCATGAGAGGTCAC-1_5,m5,7829,3303,TCCAGTATCGTTACGACTACTACCG,0.049300699,2898.881119,0.039018491,503.9628286,TCCAGTATCGTTACGACTACTACCG_JCW26_M4,0.000264665,3.914064539,TRUE,G1,0.820344545,0.179655455,0,0.558210498
CTCCCTCTCACCATCC-1_5,m5,6019,2927,nb,0,0,0,0,0,0,4.723630518,FALSE,G1,0.603625378,0.395770393,0.00060423,0
CTGCCTAAGGTGCAGT-1_5,m5,34540,4921,nb,0,0,0,0,0,0,2.175443537,FALSE,G2M,0.019880716,0.029821074,0.950298211,0
CTGCCTAGTGGCAACA-1_5,m5,12457,3862,nb,0,0,0,0,0,0,3.647602869,FALSE,G1,0.826382979,0.173617021,0,0
CTGCGAGAGACCTTTG-1_5,m5,19487,3662,nb,0,0,0,0,0,0,2.392197519,FALSE,S,0.134408602,0.614695341,0.250896057,0
CTGCGAGAGCTCCATA-1_5,m5,11501,3477,nb,0,0,0,0,0,0,2.800812785,FALSE,G1,0.55667225,0.44332775,0,0
CTGGTCTTCTGGGTCG-1_5,m5,13765,3876,nb,0,0,0,0,0,0,3.497757848,FALSE,G1,0.675219446,0.324780554,0,0
CTGTACCGTACTCAAC-1_5,m5,3396,1905,nb,0,0,0,0,0,0,5.749823985,FALSE,G1,0.516971279,0,0.483028721,0
CTGTATTAGGGTACAC-1_5,m5,880,621,nb,0,0,0,0,0,0,3.289473684,FALSE,G1,0.745877061,0.250374813,0.003748126,0
CTGTCGTGTAAGACCG-1_5,m5,5998,2597,nb,0,0,0,0,0,0,3.692274952,FALSE,G1,0.910845588,0.088235294,0.000919118,0
CTGTGAACATGGAGAC-1_5,m5,17154,4212,nb,0,0,0,0,0,0,2.07116689,FALSE,G1,0.657462196,0.342537804,0,0
CTTACCGGTCACTCAA-1_5,m5,18455,4471,nb,0,0,0,0,0,0,3.634163209,FALSE,G1,0.809061489,0.190938511,0,0
CTTACCGTCGGTTCAA-1_5,m5,1396,914,nb,0,0,0,0,0,0,3.287108372,FALSE,G1,0.811522634,0.111934156,0.07654321,0
CTTAGGACATGTTCGA-1_5,m5,17279,4318,nb,0,0,0,0,0,0,3.235088265,FALSE,G1,0.987704918,0.008196721,0.004098361,0
CTTAGGATCGGCAGTC-1_5,m5,11687,3496,nb,0,0,0,0,0,0,2.623859192,FALSE,G1,0.826858108,0.169763514,0.003378378,0
CTTCGGTCATCGGAAG-1_5,m5,15703,3655,nb,0,0,0,0,0,0,2.889379241,FALSE,G1,0.559905101,0.440094899,0,0
CTTCGGTGTTACGGAG-1_5,m5,581,458,nb,0,0,0,0,0,0,4.326328801,FALSE,G1,0.95625,0.042708333,0.001041667,0
CTTCTAATCGTCTAAG-1_5,m5,15507,4186,nb,0,0,0,0,0,0,3.057667934,FALSE,G1,0.945179584,0.054820416,0,0
CTTGATTAGCTGAGTG-1_5,m5,584,399,nb,0,0,0,0,0,0,7.795100223,FALSE,G1,0.889442231,0.034860558,0.075697211,0
CTTTCGGGTAAGACCG-1_5,m5,22835,4876,nb,0,0,0,0,0,0,3.281816447,FALSE,S,0.463444857,0.002478315,0.534076828,0
GAAATGAGTAGTGCGA-1_5,m5,21763,4679,nb,0,0,0,0,0,0,3.016369321,FALSE,G1,0.796650718,0.203349282,0,0
GAACACTGTGGGTCAA-1_5,m5,4947,2379,nb,0,0,0,0,0,0,5.177770107,FALSE,G1,0.83559322,0.161864407,0.002542373,0
GAACGTTTCTCATTAC-1_5,m5,21161,4841,nb,0,0,0,0,0,0,3.580800531,FALSE,G2M,0.153703704,0.048148148,0.798148148,0
GAAGCGACATGGATCT-1_5,m5,1717,1120,nb,0,0,0,0,0,0,2.39965096,FALSE,G1,0.757109915,0.13989239,0.102997694,0
GAAGCGATCGCTGTCT-1_5,m5,17229,4299,nb,0,0,0,0,0,0,3.302931352,FALSE,G1,0.973658537,0.026341463,0,0
GAAGGGTTCGCTAGCG-1_5,m5,16096,3667,nb,0,0,0,0,0,0,2.187318821,FALSE,G2M,0.00390625,0.05859375,0.9375,0
GAATAGAGTAGCGATG-1_5,m5,25004,5026,TCCAGTATCGTTACGACGTAGCTACTACCG,0.245454545,14432.72727,0.034037407,439.6271483,TCCAGTATCGTTACGACGTAGCTACTACCG_JCW26_M4,0.00101152,3.96839978,TRUE,S,0.801762115,0.044052863,0.154185022,0.878216862
GAATCACTCACAAGGG-1_5,m5,1824,615,nb,0,0,0,0,0,0,2.640264026,FALSE,G2M,0.253058104,0.101681957,0.645259939,0
GAATCACTCATTGTGG-1_5,m5,15041,3686,nb,0,0,0,0,0,0,3.217103381,FALSE,G1,0.726477024,0.273522976,0,0
GAATCGTTCCCAGTGG-1_5,m5,24181,4778,nb,0,0,0,0,0,0,2.567919613,FALSE,S,0.115384615,0.403353057,0.481262327,0
GACAGCCAGAGTTCGG-1_5,m5,8479,3237,nb,0,0,0,0,0,0,3.561607961,FALSE,G1,0.724112962,0.275887038,0,0
GACCCAGCAGCATGCC-1_5,m5,15269,4103,nb,0,0,0,0,0,0,2.814274816,FALSE,G1,0.730205279,0.269061584,0.000733138,0
GACGCTGCAAATCCCA-1_5,m5,30266,5666,nb,0,0,0,0,0,0,2.078353421,FALSE,G2M,0.384790011,0.01816118,0.597048808,0
GACGCTGTCTGGAGAG-1_5,m5,8204,2963,nb,0,0,0,0,0,0,4.189544942,FALSE,G1,0.851195748,0.147032772,0.001771479,0
GACGTTACACCCTATC-1_5,m5,2751,1531,nb,0,0,0,0,0,0,9.004860578,FALSE,G1,0.905368517,0.094631483,0,0
GACGTTATCCATTTAC-1_5,m5,9773,3596,TCCACTACTATCGCTACTACCG,0.072377622,4255.804196,0.341936763,4416.455226,TCCACTACTATCGCTACTACCG_JCW26_M4,0.000841069,2.809443718,TRUE,G2M,0.006796117,0.024271845,0.968932039,0.174692515
GACTCAAGTTCTCAGA-1_5,m5,3277,1579,nb,0,0,0,0,0,0,2.828917827,FALSE,G1,0.884267631,0.03074141,0.084990958,0
GACTCTCTCTTTCAGT-1_5,m5,16916,4170,nb,0,0,0,0,0,0,2.364324167,FALSE,G1,0.888099467,0.111900533,0,0
GACTGATAGACGGTTG-1_5,m5,4565,2066,nb,0,0,0,0,0,0,2.30805464,FALSE,G1,0.877606528,0.042611061,0.079782412,0
GACTGATGTGCCGTTG-1_5,m5,800,379,nb,0,0,0,0,0,0,4.116465863,FALSE,G2M,0.026246719,0.139107612,0.834645669,0
GACTTCCAGCAAGTCG-1_5,m5,11296,1952,nb,0,0,0,0,0,0,3.778096604,FALSE,G1,0.634278003,0.027665317,0.33805668,0
GAGACTTTCCTAGAGT-1_5,m5,442,386,nb,0,0,0,0,0,0,2.584814216,FALSE,G1,0.900638104,0.099361896,0,0
GAGATGGGTAGCGCTC-1_5,m5,13240,3859,nb,0,0,0,0,0,0,3.437572388,FALSE,S,0.401741294,0.365671642,0.232587065,0
GAGATGGGTCGAGCTC-1_5,m5,3431,1945,nb,0,0,0,0,0,0,4.894366197,FALSE,G1,0.694736842,0.305263158,0,0
GAGCCTGTCAATCCAG-1_5,m5,28100,5403,nb,0,0,0,0,0,0,3.181743247,FALSE,S,0.443674177,0.006932409,0.549393414,0
GAGGCAACAAGTATAG-1_5,m5,20360,4680,nb,0,0,0,0,0,0,2.840524405,FALSE,G1,0.532023911,0.089666951,0.378309137,0
GAGGGATGTTCTTCAT-1_5,m5,551,385,nb,0,0,0,0,0,0,4.992199688,FALSE,G1,0.547184774,0.000793021,0.452022205,0
GAGGGTAGTGGCGCTT-1_5,m5,13055,3651,nb,0,0,0,0,0,0,3.342699351,FALSE,G1,0.68540096,0.31459904,0,0
GAGTCTAAGCACGGAT-1_5,m5,14595,3800,nb,0,0,0,0,0,0,2.532313374,FALSE,G1,0.96404276,0.03595724,0,0
GAGTCTACATTCTCTA-1_5,m5,20343,3345,nb,0,0,0,0,0,0,3.753938896,FALSE,G2M,0.175870858,0.02548853,0.798640612,0
GAGTGTTAGTGTAGTA-1_5,m5,18900,4431,nb,0,0,0,0,0,0,3.632866759,FALSE,G1,0.566626651,0.433373349,0,0
GAGTGTTCAGGTTCGC-1_5,m5,20054,4654,nb,0,0,0,0,0,0,3.014997038,FALSE,G2M,0.000688705,0.331267218,0.668044077,0
GAGTGTTGTCTTTATC-1_5,m5,3416,1657,nb,0,0,0,0,0,0,2.432160804,FALSE,G1,0.603018373,0.320209974,0.076771654,0
GAGTTACTCATTATCC-1_5,m5,16455,4546,nb,0,0,0,0,0,0,3.765005457,FALSE,G2M,0.005175983,0.00310559,0.991718427,0
GAGTTTGGTCGCGGTT-1_5,m5,21113,4507,nb,0,0,0,0,0,0,2.758884669,FALSE,G2M,0.062632696,0.016985138,0.920382166,0
GATAGAATCGTGCATA-1_5,m5,12031,3297,nb,0,0,0,0,0,0,2.388844439,FALSE,G1,0.65008881,0.298401421,0.051509769,0
GATGACTGTGGGACAT-1_5,m5,18858,4650,nb,0,0,0,0,0,0,3.277482893,FALSE,G2M,0.008008008,0.227227227,0.764764765,0
GATGACTTCTACTTCA-1_5,m5,4455,1961,nb,0,0,0,0,0,0,2.906162465,FALSE,G2M,0.000562746,0.461451885,0.537985369,0
GATGCTAAGTTCCAGT-1_5,m5,327,255,nb,0,0,0,0,0,0,2.476190476,FALSE,G1,0.72166998,0.016898608,0.261431412,0
GATGGAGCAACATACC-1_5,m5,16255,4085,nb,0,0,0,0,0,0,3.672458659,FALSE,G1,0.786741214,0.213258786,0,0
GATGGAGTCACGTAGT-1_5,m5,566,392,nb,0,0,0,0,0,0,7.82800441,FALSE,G1,0.857007576,0.013257576,0.129734848,0
GATGGAGTCCGTATGA-1_5,m5,13632,3467,nb,0,0,0,0,0,0,3.619069061,FALSE,G1,0.609202852,0.39014906,0.000648088,0
GATGGAGTCGTGCAGC-1_5,m5,6591,2715,nb,0,0,0,0,0,0,3.102688409,FALSE,G1,0.795544948,0.204455052,0,0
GATGTTGGTCAAGTTC-1_5,m5,29226,4485,nb,0,0,0,0,0,0,2.045333557,FALSE,G2M,0.09079602,0.054726368,0.854477612,0
GATTCGAGTACCTAAC-1_5,m5,4162,1651,nb,0,0,0,0,0,0,2.040518875,FALSE,G1,0.948669202,0.039923954,0.011406844,0
GATTGGTCATGCCGAC-1_5,m5,580,404,nb,0,0,0,0,0,0,2.224694105,FALSE,G2M,0.40831075,0.037037037,0.554652213,0
GATTGGTTCTCGAACA-1_5,m5,3810,1881,nb,0,0,0,0,0,0,2.552938848,FALSE,G1,0.811403509,0.177192982,0.011403509,0
GATTTCTAGATGCCGA-1_5,m5,4890,2457,nb,0,0,0,0,0,0,3.596176822,FALSE,G1,0.635204082,0.364795918,0,0
GCAACATAGTAGTGCG-1_5,m5,20736,4569,nb,0,0,0,0,0,0,2.937903405,FALSE,G1,0.752285192,0.162705667,0.085009141,0
GCAACCGAGGTTTGAA-1_5,m5,12069,3745,nb,0,0,0,0,0,0,2.864390656,FALSE,G1,0.786091549,0.213908451,0,0
GCACGTGAGAGTCAAT-1_5,m5,20166,4767,nb,0,0,0,0,0,0,3.311670139,FALSE,G2M,0.04318618,0,0.95681382,0
GCACGTGCACAGTGAG-1_5,m5,14407,3829,nb,0,0,0,0,0,0,3.85789342,FALSE,G1,0.542419267,0.457580733,0,0
GCACGTGCAGTACTAC-1_5,m5,5202,2602,nb,0,0,0,0,0,0,2.607903428,FALSE,G1,0.520562207,0.479437793,0,0
GCATCGGTCTAGCCAA-1_5,m5,1478,849,nb,0,0,0,0,0,0,6.379893668,FALSE,G1,0.588039867,0.372093023,0.03986711,0
GCATGATTCCATAAGC-1_5,m5,3489,1722,nb,0,0,0,0,0,0,4.647507858,FALSE,G2M,0,0.123022847,0.876977153,0
GCATTAGGTTCGTGCG-1_5,m5,746,500,nb,0,0,0,0,0,0,8.973172988,FALSE,G1,0.85019084,0.013358779,0.136450382,0
GCCAGCATCGTCGCTT-1_5,m5,13505,3685,nb,0,0,0,0,0,0,2.88515669,FALSE,G1,0.542644533,0.457355467,0,0
GCCAGCATCTTTCAGT-1_5,m5,11720,3674,nb,0,0,0,0,0,0,4.898114852,FALSE,G1,0.680272109,0.319727891,0,0
GCCAGTGAGACCTTTG-1_5,m5,3184,1627,nb,0,0,0,0,0,0,2.284551007,FALSE,G1,0.710547185,0.283901665,0.00555115,0
GCCATGGTCTCAATCT-1_5,m5,17602,4241,nb,0,0,0,0,0,0,2.712429443,FALSE,G1,0.634910486,0.365089514,0,0
GCCATTCCAGGAATCG-1_5,m5,17604,4028,nb,0,0,0,0,0,0,2.453561504,FALSE,G1,0.636132316,0.363867684,0,0
GCCCGAAAGGTCCTGC-1_5,m5,17561,4527,nb,0,0,0,0,0,0,3.530538005,FALSE,G1,0.742942051,0.257057949,0,0
GCCGATGGTCTTACTT-1_5,m5,845,545,nb,0,0,0,0,0,0,4.938271605,FALSE,G1,0.581806283,0.008507853,0.409685864,0
GCCGTGAGTAATTGGA-1_5,m5,3921,2135,TCCAGTCGTTACGACGTAGCTACTACCG,0,0,0,0,TCCAGTCGTTACGACGTAGCTACTACCG_JCW26_M4,0.00093992,2.984416348,TRUE,G1,0.665777185,0.334222815,0,0
GCGAGAACACTCTGCT-1_5,m5,4573,2027,nb,0,0,0,0,0,0,2.760330579,FALSE,G1,0.7727639,0.202256245,0.024979855,0
GCGAGAAGTGATCATC-1_5,m5,16906,4415,nb,0,0,0,0,0,0,4.049551139,FALSE,G1,0.866602687,0.133397313,0,0
GCGATCGTCAAACCTG-1_5,m5,13419,3444,nb,0,0,0,0,0,0,3.297759344,FALSE,G2M,0.022146508,0.319420784,0.658432709,0
GCTACAACATACATCG-1_5,m5,15448,4463,TCCAGTCTACTATCGTTACGAGCTACTACCG,0,0,0.017726799,228.9593326,TCCAGTCTACTATCGTTACGAGCTACTACCG_JCW26_M4,0.00234198,3.200933606,TRUE,G2M,0.00990099,0.005940594,0.984158416,0
GCTACAATCCTGCTAC-1_5,m5,3569,1559,nb,0,0,0,0,0,0,4.960224614,FALSE,G2M,0.359760658,0.109947644,0.530291698,0
GCTACCTCACGGGTAA-1_5,m5,16178,4074,nb,0,0,0,0,0,0,3.981904141,FALSE,G1,0.74019245,0.25980755,0,0
GCTACCTTCTAGTGTG-1_5,m5,4078,1950,nb,0,0,0,0,0,0,3.176691729,FALSE,G1,0.936852026,0.025447691,0.037700283,0
GCTGAATAGTCAGGGT-1_5,m5,23302,4843,nb,0,0,0,0,0,0,2.161019276,FALSE,G2M,0.300194932,0,0.699805068,0
GCTGCAGCATCCGAGC-1_5,m5,12169,3999,nb,0,0,0,0,0,0,3.0051344,FALSE,G1,0.855875831,0.140798226,0.003325942,0
GCTTCACAGTTCTCTT-1_5,m5,8645,3437,TCCAGCTATCGTTACGACGCTACTACCG,0,0,0,0,TCCAGCTATCGTTACGACGCTACTACCG_JCW26_M4,0.000565779,2.549404133,TRUE,G1,0.896860987,0.103139013,0,0
GCTTTCGAGAAATTGC-1_5,m5,1307,807,nb,0,0,0,0,0,0,2.70531401,FALSE,G1,0.599013969,0.271158587,0.129827445,0
GCTTTCGGTGAGTAAT-1_5,m5,20027,4776,nb,0,0,0,0,0,0,2.515838766,FALSE,G2M,0.032069971,0.123420797,0.844509232,0
GGAACCCAGCGTCTCG-1_5,m5,18455,4447,nb,0,0,0,0,0,0,2.33839584,FALSE,G1,0.72972973,0.27027027,0,0
GGAAGTGAGCACCCAC-1_5,m5,25809,4893,nb,0,0,0,0,0,0,2.335467482,FALSE,G1,0.970273484,0.020214031,0.009512485,0
GGAGAACTCCCAGGCA-1_5,m5,15179,3744,nb,0,0,0,0,0,0,3.518354888,FALSE,G1,0.846088435,0.153061224,0.00085034,0
GGAGCAACACGACAGA-1_5,m5,14064,3491,nb,0,0,0,0,0,0,2.425416148,FALSE,G1,0.707594038,0.292405962,0,0
GGAGCAAGTCGTTGCG-1_5,m5,15564,4171,nb,0,0,0,0,0,0,2.838588466,FALSE,G1,0.718390805,0.281609195,0,0
GGAGGATAGACTCTTG-1_5,m5,16293,4113,nb,0,0,0,0,0,0,2.444150385,FALSE,G1,0.966183575,0.033816425,0,0
GGATGTTAGCACTAAA-1_5,m5,2359,1326,nb,0,0,0,0,0,0,9.642032333,FALSE,G1,0.747384155,0.252615845,0,0
GGCACGTCAGTCTGGC-1_5,m5,9866,1554,nb,0,0,0,0,0,0,3.818794459,FALSE,G1,0.71920758,0.115417743,0.165374677,0
GGCGTCAGTCATCGCG-1_5,m5,2536,957,nb,0,0,0,0,0,0,2.173174873,FALSE,G1,0.692194404,0.031664212,0.276141384,0
GGCTGTGTCCATCGTC-1_5,m5,11760,3630,nb,0,0,0,0,0,0,2.885189002,FALSE,G2M,0.089397089,0.001039501,0.90956341,0
GGCTTTCTCCGTAGGC-1_5,m5,1136,754,nb,0,0,0,0,0,0,2.550478215,FALSE,G1,0.760311284,0.224124514,0.015564202,0
GGGAAGTGTATCCCAA-1_5,m5,12809,3693,nb,0,0,0,0,0,0,2.618829982,FALSE,G1,0.612507664,0.387492336,0,0
GGGAAGTGTCAGGTGA-1_5,m5,12881,3688,nb,0,0,0,0,0,0,7.615519193,FALSE,G1,0.926002055,0.006166495,0.067831449,0
GGGAAGTTCAGGACAG-1_5,m5,8065,2728,nb,0,0,0,0,0,0,3.849780013,FALSE,G2M,0.214899713,0.088825215,0.696275072,0
GGGACAAAGACCGTTT-1_5,m5,677,384,nb,0,0,0,0,0,0,2.278177458,FALSE,G1,0.641580433,0.032925682,0.325493885,0
GGGACAATCGTGGACC-1_5,m5,22391,4842,nb,0,0,0,0,0,0,3.29567123,FALSE,G1,0.682074408,0.060879369,0.257046223,0
GGGAGATGTGCTCTCT-1_5,m5,13423,3716,nb,0,0,0,0,0,0,2.268128559,FALSE,G1,0.829247675,0.170752325,0,0
GGGATCCAGGTTGAGC-1_5,m5,5266,2714,nb,0,0,0,0,0,0,3.284940945,FALSE,G1,0.907441016,0.092558984,0,0
GGGATCCCAGCTGTAT-1_5,m5,14718,3966,nb,0,0,0,0,0,0,5.10064583,FALSE,G1,0.718238994,0.275471698,0.006289308,0
GGGATCCTCGGCCAAC-1_5,m5,652,437,nb,0,0,0,0,0,0,9.331476323,FALSE,G1,0.499192246,0.495422725,0.00538503,0
GGGATGATCTTTGATC-1_5,m5,13539,3685,nb,0,0,0,0,0,0,2.653840576,FALSE,G1,0.692041522,0.307958478,0,0
GGGCTACAGACTGTTC-1_5,m5,19285,4521,nb,0,0,0,0,0,0,2.533190341,FALSE,G1,0.990769231,0.005128205,0.004102564,0
GGGCTACAGGTAGATT-1_5,m5,30958,4871,nb,0,0,0,0,0,0,3.135317567,FALSE,G1,0.915254237,0.012961117,0.071784646,0
GGGCTACCAGCCGTTG-1_5,m5,335,256,nb,0,0,0,0,0,0,2.033271719,FALSE,G1,0.785569106,0.005081301,0.209349593,0
GGGCTACGTCTCTCCA-1_5,m5,32366,5560,nb,0,0,0,0,0,0,3.525492346,FALSE,S,0.364632238,0.400625978,0.234741784,0
GGGCTACTCCAAACCA-1_5,m5,15151,3983,nb,0,0,0,0,0,0,2.396975739,FALSE,G1,0.982318271,0.017681729,0,0
GGGCTCAAGGTAGTAT-1_5,m5,3971,2124,TCCAGTATCGTTACGACTACTACCG,0.049300699,2898.881119,0.039018491,503.9628286,TCCAGTATCGTTACGACTACTACCG_JCW26_M4,0.000264665,2.612503775,TRUE,G1,0.921658986,0.078341014,0,0.558210498
GGGCTCACAAATTAGG-1_5,m5,1542,850,nb,0,0,0,0,0,0,2.685109845,FALSE,G1,0.933395872,0.033771107,0.032833021,0
GGGCTCAGTCATCCCT-1_5,m5,1486,919,nb,0,0,0,0,0,0,3.626511046,FALSE,G1,0.574349442,0.416976456,0.008674102,0
GGGTAGATCAGACCGC-1_5,m5,970,608,nb,0,0,0,0,0,0,2.605633803,FALSE,G1,0.509465021,0.218106996,0.272427984,0
GGGTAGATCGCAGTTA-1_5,m5,14491,2723,nb,0,0,0,0,0,0,2.166127542,FALSE,S,0.457711443,0.303482587,0.23880597,0
GGGTCACCATGACGAG-1_5,m5,380,283,nb,0,0,0,0,0,0,2.329749104,FALSE,G1,0.613010842,0.014178482,0.372810676,0
GGGTCTGAGGTCTGGA-1_5,m5,1709,1053,nb,0,0,0,0,0,0,3.195425496,FALSE,G1,0.918215613,0.037174721,0.044609665,0
GGTCACGAGACGCAGT-1_5,m5,20499,4584,nb,0,0,0,0,0,0,6.597144232,FALSE,G1,0.803867403,0.017495396,0.178637201,0
GGTCACGGTTCGTTCC-1_5,m5,7766,2844,nb,0,0,0,0,0,0,2.508960573,FALSE,G1,0.870673953,0.123861566,0.005464481,0
GGTCTGGAGGGAGTGG-1_5,m5,16549,3582,TCCATCTACTATCGTTACGGTAGCTACTACCG,0.63041958,37068.67133,0.316086258,4082.570113,TCCATCTACTATCGTTACGGTAGCTACTACCG_JCW26_M4,0.000340449,3.218152798,TRUE,G1,0.991935484,0.006048387,0.002016129,0.666049331
GGTGTCGTCAGATGCT-1_5,m5,6611,2573,nb,0,0,0,0,0,0,4.126532399,FALSE,G1,0.640816327,0.339591837,0.019591837,0
GGTGTTAAGTCGAAGC-1_5,m5,4356,2379,nb,0,0,0,0,0,0,3.710964851,FALSE,G1,0.795544948,0.204455052,0,0
GGTGTTATCGGCGATC-1_5,m5,589,424,nb,0,0,0,0,0,0,9.402985075,FALSE,G1,0.728937729,0.268131868,0.002930403,0
GGTTAACAGTTTGTCG-1_5,m5,20177,3283,nb,0,0,0,0,0,0,2.046959663,FALSE,G2M,0.008032129,0.007028112,0.984939759,0
GGTTCTCAGCACACAG-1_5,m5,640,353,nb,0,0,0,0,0,0,8.060453401,FALSE,G2M,0.435620663,0.0077101,0.556669237,0
GGTTCTCAGGGACTGT-1_5,m5,27212,5200,nb,0,0,0,0,0,0,2.788333162,FALSE,G2M,0.008025682,0.287319422,0.704654896,0
GGTTCTCGTCAGCGTC-1_5,m5,10375,3367,nb,0,0,0,0,0,0,3.318866479,FALSE,G1,0.957142857,0.042857143,0,0
GTAACACAGCTAGAGC-1_5,m5,12187,3849,nb,0,0,0,0,0,0,4.310344828,FALSE,G1,0.701262272,0.298737728,0,0
GTAACCACAGCCTATA-1_5,m5,17663,3591,nb,0,0,0,0,0,0,2.861138861,FALSE,G2M,0.068364611,0.163538874,0.768096515,0
GTAACCATCCGCTAGG-1_5,m5,19624,4376,nb,0,0,0,0,0,0,2.85677519,FALSE,G1,0.551204819,0.448795181,0,0
GTAAGTCCACTTGTGA-1_5,m5,22468,5277,nb,0,0,0,0,0,0,3.744790574,FALSE,G1,0.873127753,0.125991189,0.000881057,0
GTAAGTCGTGCCTATA-1_5,m5,6121,2649,nb,0,0,0,0,0,0,4.821515892,FALSE,S,0.525265957,0.174202128,0.300531915,0
GTAATCGTCACGGAGA-1_5,m5,14452,2311,nb,0,0,0,0,0,0,2.102446483,FALSE,G2M,0.002827521,0.061262959,0.935909519,0
GTAATGCTCTCGCAGG-1_5,m5,16571,3967,nb,0,0,0,0,0,0,2.527671564,FALSE,G1,0.92506938,0.07493062,0,0
GTAGATCAGGCACTAG-1_5,m5,10663,2245,nb,0,0,0,0,0,0,3.105590062,FALSE,G2M,0.014395393,0.030710173,0.954894434,0
GTAGGTTAGGTGCAGT-1_5,m5,18814,4704,nb,0,0,0,0,0,0,2.614060158,FALSE,G1,0.988107037,0.011892963,0,0
GTATTTCCACGTTGGC-1_5,m5,3879,1989,nb,0,0,0,0,0,0,5.755033557,FALSE,G1,0.864465682,0.134665508,0.00086881,0
GTCAAACAGCAGGGAG-1_5,m5,11471,3550,nb,0,0,0,0,0,0,3.123067409,FALSE,G1,0.933706816,0.065359477,0.000933707,0
GTCAAGTTCACTAGCA-1_5,m5,12560,3318,nb,0,0,0,0,0,0,2.570601014,FALSE,G1,0.828500414,0.171499586,0,0
GTCACGGTCCATTCAT-1_5,m5,11664,3626,nb,0,0,0,0,0,0,2.194092827,FALSE,G2M,0.000988142,0.010869565,0.988142292,0
GTCCCATTCATTATCC-1_5,m5,17429,4310,nb,0,0,0,0,0,0,4.940224388,FALSE,G1,0.859605911,0.004926108,0.13546798,0
GTCCCATTCTTAAGGC-1_5,m5,1948,1215,nb,0,0,0,0,0,0,3.985890653,FALSE,G1,0.705300353,0.267137809,0.027561837,0
GTCGAATGTTGTGTAC-1_5,m5,1322,845,nb,0,0,0,0,0,0,6.445556946,FALSE,G1,0.745398773,0.063650307,0.19095092,0
GTCGAATTCGTCGATA-1_5,m5,11902,3334,nb,0,0,0,0,0,0,2.606776426,FALSE,G1,0.711191336,0.288808664,0,0
GTCGCGAGTCGTGCCA-1_5,m5,15428,4083,nb,0,0,0,0,0,0,3.568428211,FALSE,G1,0.664263646,0.333676622,0.002059732,0
GTCGTAAAGCACTAAA-1_5,m5,7297,3052,nb,0,0,0,0,0,0,3.980180327,FALSE,G1,0.651041667,0.348958333,0,0
GTCTACCCATTCCTCG-1_5,m5,18377,4471,nb,0,0,0,0,0,0,2.895880923,FALSE,G1,0.812256809,0.167315175,0.020428016,0
GTCTCACTCACGAGGA-1_5,m5,14097,3250,nb,0,0,0,0,0,0,2.055846977,FALSE,G1,0.477470356,0.483794466,0.038735178,0
GTCTTTAAGGCGTCCT-1_5,m5,4270,2196,nb,0,0,0,0,0,0,4.90765853,FALSE,G1,0.608803472,0.386236826,0.004959702,0
GTCTTTAAGGTGGGTT-1_5,m5,2318,1282,nb,0,0,0,0,0,0,2.670891806,FALSE,G1,0.928436911,0.064971751,0.006591337,0
GTGACGCGTGTCTTAG-1_5,m5,19135,4411,nb,0,0,0,0,0,0,2.612495646,FALSE,G1,0.908287293,0.079558011,0.012154696,0
GTGACGCGTGTTACAC-1_5,m5,8436,2884,nb,0,0,0,0,0,0,3.018360949,FALSE,G1,0.989108911,0.003960396,0.006930693,0
GTGACGCGTTCTCAGA-1_5,m5,27218,2809,nb,0,0,0,0,0,0,2.513592525,FALSE,G1,0.926784059,0.073215941,0,0
GTGAGGAAGTTGAATG-1_5,m5,14769,4241,nb,0,0,0,0,0,0,3.389830508,FALSE,G2M,0.005602241,0.080298786,0.914098973,0
GTGATGTAGACATACA-1_5,m5,15631,2655,nb,0,0,0,0,0,0,2.128247651,FALSE,G2M,0.353046595,0.02688172,0.620071685,0
GTGATGTTCGGTGTAT-1_5,m5,759,599,nb,0,0,0,0,0,0,2.198697068,FALSE,G1,0.785898538,0.017196905,0.196904557,0
GTGCTGGAGCCTATTG-1_5,m5,19208,3364,nb,0,0,0,0,0,0,2.287552891,FALSE,S,0.496863237,0.154328733,0.34880803,0
GTGCTTCCAGCTCATA-1_5,m5,1990,1108,nb,0,0,0,0,0,0,4.196816208,FALSE,G1,0.888686131,0.059306569,0.052007299,0
GTGGAGAAGCAAGTCG-1_5,m5,593,355,nb,0,0,0,0,0,0,7.865168539,FALSE,G2M,0.150662252,0.228476821,0.620860927,0
GTGGCGTGTCGCACAC-1_5,m5,16169,3673,nb,0,0,0,0,0,0,3.112856902,FALSE,G1,0.669034091,0.330965909,0,0
GTGGGAATCTGCATGA-1_5,m5,4282,1857,nb,0,0,0,0,0,0,2.532090733,FALSE,G1,0.822368421,0.177631579,0,0
GTGTAACTCGACGCTG-1_5,m5,498,366,nb,0,0,0,0,0,0,8.955223881,FALSE,G1,0.907744875,0.04214123,0.050113895,0
GTGTCCTAGAGCCTGA-1_5,m5,1552,875,nb,0,0,0,0,0,0,6.560207164,FALSE,G1,0.422077922,0.561983471,0.015938607,0
GTGTCCTGTTGCCGAC-1_5,m5,844,540,nb,0,0,0,0,0,0,5.812101911,FALSE,G1,0.723674384,0.271097834,0.005227782,0
GTGTCCTTCTACTGCC-1_5,m5,11981,3744,nb,0,0,0,0,0,0,2.309692551,FALSE,G1,0.826213592,0.145631068,0.02815534,0
GTGTGGCGTGCTGATT-1_5,m5,25578,4131,nb,0,0,0,0,0,0,2.297175174,FALSE,G1,0.756341276,0.243658724,0,0
GTGTTAGCAACGATTC-1_5,m5,527,374,nb,0,0,0,0,0,0,5.018820577,FALSE,G1,0.842857143,0.005357143,0.151785714,0
GTGTTCCAGTGACACG-1_5,m5,6864,2948,nb,0,0,0,0,0,0,2.885832419,FALSE,G1,0.656167979,0.343832021,0,0
GTTACAGCACAATTCG-1_5,m5,17072,4269,nb,0,0,0,0,0,0,2.252078437,FALSE,G1,0.79030977,0.20969023,0,0
GTTACAGGTACGTGTT-1_5,m5,7379,3139,nb,0,0,0,0,0,0,3.838304553,FALSE,G1,0.864304235,0.135695765,0,0
GTTACAGTCGCCATAA-1_5,m5,4412,2151,nb,0,0,0,0,0,0,3.447456015,FALSE,G1,0.750750751,0.249249249,0,0
GTTAGTGTCGCTGATA-1_5,m5,14548,3853,TCCATCTACTATCGTTACGGTAGCTACTACCG,0.63041958,37068.67133,0.316086258,4082.570113,TCCATCTACTATCGTTACGGTAGCTACTACCG_JCW26_M4,0.000340449,2.36624162,TRUE,G1,0.827586207,0.094320487,0.078093306,0.666049331
GTTAGTGTCTGCGAGC-1_5,m5,12551,2723,nb,0,0,0,0,0,0,2.35773799,FALSE,G1,0.85862069,0.087068966,0.054310345,0
GTTATGGAGTTTGTCG-1_5,m5,3586,2006,TCCAGTCTACTATCGTTACGACGACTACCG,0,0,0,0,TCCAGTCTACTATCGTTACGACGACTACCG_JCW26_M4,5.02E-05,3.728606357,TRUE,G1,0.511568123,0.488431877,0,0
GTTATGGCAAGGGCAT-1_5,m5,13048,3597,nb,0,0,0,0,0,0,3.432233563,FALSE,G1,0.716332378,0.283667622,0,0
GTTCCGTCAGCTGAAG-1_5,m5,4435,2049,nb,0,0,0,0,0,0,4.552952821,FALSE,G1,0.804255319,0.124255319,0.071489362,0
GTTCCGTTCTTACCAT-1_5,m5,5052,2348,nb,0,0,0,0,0,0,8.227936067,FALSE,G1,0.841042893,0.158957107,0,0
GTTCGCTCATAATCCG-1_5,m5,682,423,nb,0,0,0,0,0,0,4.606060606,FALSE,G2M,0.214765101,0.012583893,0.772651007,0
GTTCGCTGTTCCTTGC-1_5,m5,11519,3972,nb,0,0,0,0,0,0,2.531113795,FALSE,G1,0.907678245,0.090493601,0.001828154,0
GTTGTAGGTGCCGGTT-1_5,m5,21481,4331,nb,0,0,0,0,0,0,2.13418229,FALSE,G1,0.946969697,0.053030303,0,0
GTTGTCCGTTAGAAGT-1_5,m5,3444,1817,nb,0,0,0,0,0,0,2.938090241,FALSE,G1,0.906803355,0.073625349,0.019571295,0
GTTGTGACAGCGTATT-1_5,m5,10390,3950,nb,0,0,0,0,0,0,3.447672384,FALSE,G1,0.653167864,0.346832136,0,0
GTTGTGAGTTCTCAGA-1_5,m5,9594,3517,TCCAGTATCGTTACGACGTAGCTACTACCG,0.245454545,14432.72727,0.034037407,439.6271483,TCCAGTATCGTTACGACGTAGCTACTACCG_JCW26_M4,0.00101152,2.74833137,TRUE,G1,0.805152979,0.194847021,0,0.878216862
GTTTGGACATCTGGGC-1_5,m5,14685,3859,nb,0,0,0,0,0,0,4.284207751,FALSE,G1,0.510529019,0.489470981,0,0
TAACACGAGCGTACAG-1_5,m5,1941,345,nb,0,0,0,0,0,0,5.687203791,FALSE,G2M,0.233111323,0.032350143,0.734538535,0
TAACACGCAGGCGTTC-1_5,m5,12650,2631,nb,0,0,0,0,0,0,2.409265453,FALSE,G1,0.950259067,0.046632124,0.003108808,0
TAACCAGGTAACAGGC-1_5,m5,5521,2097,nb,0,0,0,0,0,0,6.061510899,FALSE,G1,0.813122924,0.003322259,0.183554817,0
TAACGACAGTGGATTA-1_5,m5,13878,4105,nb,0,0,0,0,0,0,3.235740222,FALSE,G1,0.873239437,0.126760563,0,0
TAACGACCACTCCCTA-1_5,m5,10733,3806,nb,0,0,0,0,0,0,3.175252909,FALSE,G1,0.838926174,0.161073826,0,0
TAACTTCCAAGACTGG-1_5,m5,1490,908,TCCAGTACCCGTAACGCTACTACCG,0,0,0.008342023,107.7455683,TCCAGTACCCGTAACGCTACTACCG_JCW26_M4,2.52E-07,3.319502075,TRUE,G1,0.911683533,0.081876725,0.006439742,0
TAAGCACAGGTCCTGC-1_5,m5,14361,4107,TCCAGTATCGTTACGACGTAGCTACTACCG,0.245454545,14432.72727,0.034037407,439.6271483,TCCAGTATCGTTACGACGTAGCTACTACCG_JCW26_M4,0.00101152,2.584373555,TRUE,G2M,0.005025126,0.018090452,0.976884422,0.878216862
TAAGCCACATAGATCC-1_5,m5,571,414,nb,0,0,0,0,0,0,4.963805584,FALSE,G1,0.826904986,0.003762935,0.169332079,0
TAAGCGTAGCTGACAG-1_5,m5,15145,3195,nb,0,0,0,0,0,0,2.838462765,FALSE,G1,0.764158262,0.235065943,0.000775795,0
TAAGCGTAGTGGAAAG-1_5,m5,14948,3269,nb,0,0,0,0,0,0,2.802787527,FALSE,G1,0.934761441,0.033106134,0.032132425,0
TAAGCGTGTTACCGTA-1_5,m5,2035,1259,nb,0,0,0,0,0,0,2.252584934,FALSE,G1,0.588684043,0.033057851,0.378258106,0
TAATCTCCACATGTTG-1_5,m5,7795,3207,TCCAGTATCGTTACGACGTAGCTACTACCG,0.245454545,14432.72727,0.034037407,439.6271483,TCCAGTATCGTTACGACGTAGCTACTACCG_JCW26_M4,0.00101152,2.313018337,TRUE,G1,0.804505229,0.195494771,0,0.878216862
TACAACGAGTACGAGC-1_5,m5,14948,3490,nb,0,0,0,0,0,0,4.378351484,FALSE,G2M,0.0069869,0.134497817,0.858515284,0
TACCGAAAGAGTCACG-1_5,m5,23695,5041,nb,0,0,0,0,0,0,2.666595699,FALSE,G2M,0.016983017,0.004995005,0.978021978,0
TACCGGGCAGCGTTTA-1_5,m5,1890,1080,nb,0,0,0,0,0,0,2.960190541,FALSE,G1,0.513513514,0.404404404,0.082082082,0
TACCTCGAGGCCATAG-1_5,m5,4723,2364,nb,0,0,0,0,0,0,3.149503398,FALSE,G1,0.852514919,0.147485081,0,0
TACCTGCAGTGGGAAA-1_5,m5,9514,3352,TCCAGTATCGTTACGACGTAGCTACTACCG,0.245454545,14432.72727,0.034037407,439.6271483,TCCAGTATCGTTACGACGTAGCTACTACCG_JCW26_M4,0.00101152,3.257086027,TRUE,G2M,0.051204819,0.004016064,0.944779116,0.878216862
TACGGGCCACCACTGG-1_5,m5,6726,2866,nb,0,0,0,0,0,0,2.495492931,FALSE,G1,0.949619772,0.037072243,0.013307985,0
TACGGGCCAGTCCGTG-1_5,m5,10516,3705,nb,0,0,0,0,0,0,3.711669976,FALSE,G2M,0.010742188,0.021484375,0.967773438,0
TACGGGCGTAGCTCGC-1_5,m5,16514,4244,nb,0,0,0,0,0,0,2.997129187,FALSE,G1,0.918273646,0.081726354,0,0
TACGGTAAGAAGGTAG-1_5,m5,11852,3959,nb,0,0,0,0,0,0,3.065849107,FALSE,S,0.33545108,0.045743329,0.618805591,0
TACTGCCTCAAGCGTT-1_5,m5,7170,2960,nb,0,0,0,0,0,0,3.428108692,FALSE,G1,0.612369871,0.387630129,0,0
TACTTGTTCGCTAAAC-1_5,m5,1690,1022,nb,0,0,0,0,0,0,2.173913043,FALSE,G1,0.875661376,0.120811287,0.003527337,0
TAGACCAAGTAGTGCG-1_5,m5,7426,3056,TCCACTACTATCGCTACTACCG,0.072377622,4255.804196,0.341936763,4416.455226,TCCACTACTATCGCTACTACCG_JCW26_M4,0.000841069,2.127659574,TRUE,G1,0.59347181,0.40652819,0,0.174692515
TAGACCACACTGGACC-1_5,m5,20747,3478,nb,0,0,0,0,0,0,2.530602151,FALSE,G2M,0.007079646,0.113274336,0.879646018,0
TAGACTGCAGTGGTGA-1_5,m5,6922,2943,nb,0,0,0,0,0,0,3.8503156,FALSE,G1,0.978473581,0.021526419,0,0
TAGAGTCAGAGTTGTA-1_5,m5,4300,1974,nb,0,0,0,0,0,0,3.875303875,FALSE,G1,0.855917667,0.144082333,0,0
TAGCACAGTAGACAGC-1_5,m5,25346,4708,nb,0,0,0,0,0,0,2.138304086,FALSE,S,0.485564304,0.001312336,0.51312336,0
TAGCACAGTGCTCGTG-1_5,m5,4432,2050,nb,0,0,0,0,0,0,2.707493956,FALSE,G1,0.635761589,0.01986755,0.344370861,0
TAGGAGGGTTCGGTTA-1_5,m5,4506,2077,nb,0,0,0,0,0,0,2.763819095,FALSE,G1,0.632511069,0.367488931,0,0
TAGGTACAGATTCGCT-1_5,m5,18848,4446,nb,0,0,0,0,0,0,2.750237675,FALSE,G2M,0.034951456,0.006796117,0.958252427,0
TAGGTACCATCTTCGC-1_5,m5,425,307,TCCAGTATCGTTACGACTACTACCG,0.049300699,2898.881119,0.039018491,503.9628286,TCCAGTATCGTTACGACTACTACCG_JCW26_M4,0.000264665,2.147239264,TRUE,G2M,0.476777251,0.018957346,0.504265403,0.558210498
TAGGTACCATTGCAAC-1_5,m5,521,364,nb,0,0,0,0,0,0,7.665505226,FALSE,G1,0.49810913,0.493787142,0.008103728,0
TAGTGCAAGCGTACAG-1_5,m5,14097,3808,TCCAGTAGAGTATCGTTACTACTACCG,0,0,0,0,TCCAGTAGAGTATCGTTACTACTACCG_JCW26_M4,6.61E-07,2.881340742,TRUE,G1,0.574798619,0.425201381,0,0
TATACCTAGACGACGT-1_5,m5,22544,4681,nb,0,0,0,0,0,0,2.77533282,FALSE,G1,0.695732839,0.000927644,0.303339518,0
TATACCTAGGTTTACC-1_5,m5,18989,4227,nb,0,0,0,0,0,0,3.073112878,FALSE,G1,0.602293301,0.397706699,0,0
TATATCCGTAGACTGG-1_5,m5,1056,592,nb,0,0,0,0,0,0,3.398791541,FALSE,G1,0.918346774,0.018145161,0.063508065,0
TATCAGGCAAACGTGG-1_5,m5,4090,1935,nb,0,0,0,0,0,0,8.940016434,FALSE,G1,0.611559975,0.388440025,0,0
TATCAGGCACGTTGGC-1_5,m5,13091,3402,nb,0,0,0,0,0,0,3.350258625,FALSE,G1,0.631246047,0.368753953,0,0
TATCCTACACCGTACG-1_5,m5,28408,4004,nb,0,0,0,0,0,0,2.017462067,FALSE,G2M,0,0.000999001,0.999000999,0
TATCGCCAGCGGATCA-1_5,m5,35214,3182,nb,0,0,0,0,0,0,2.361044112,FALSE,G2M,0.000999001,0,0.999000999,0
TATCGCCTCCGTAATG-1_5,m5,494,299,nb,0,0,0,0,0,0,5.786618445,FALSE,G2M,0.092558984,0.0353902,0.872050817,0
TATCTTGCAGAGTGAC-1_5,m5,18343,3984,nb,0,0,0,0,0,0,3.200629857,FALSE,G1,0.953244275,0.044847328,0.001908397,0
TATTGCTGTCATCCCT-1_5,m5,8450,3380,nb,0,0,0,0,0,0,3.280898876,FALSE,G1,0.692036646,0.307963354,0,0
TATTGGGCAGAGATTA-1_5,m5,18700,4546,nb,0,0,0,0,0,0,2.513001174,FALSE,G1,0.818016379,0.136487716,0.045495905,0
TATTGGGCATATAGCC-1_5,m5,19310,2505,nb,0,0,0,0,0,0,2.267704005,FALSE,G1,0.814332248,0.18485342,0.000814332,0
TATTGGGGTGGTTCTA-1_5,m5,1257,842,nb,0,0,0,0,0,0,3.283898305,FALSE,G1,0.776904949,0.222309505,0.000785546,0
TCAAGACAGGATCATA-1_5,m5,21867,4787,nb,0,0,0,0,0,0,2.771812273,FALSE,G2M,0.183083512,0.003211991,0.813704497,0
TCAAGACGTTGGATCT-1_5,m5,32555,4435,nb,0,0,0,0,0,0,2.03095227,FALSE,S,0.257887517,0.257887517,0.484224966,0
TCAAGACTCCGCACGA-1_5,m5,2117,901,nb,0,0,0,0,0,0,2.809917355,FALSE,G1,0.741679873,0.076069731,0.182250396,0
TCAAGCAAGTATTAGG-1_5,m5,23531,4936,nb,0,0,0,0,0,0,2.320439114,FALSE,G2M,0.002964427,0.018774704,0.97826087,0
TCAAGCACAACTGAAA-1_5,m5,19324,4427,nb,0,0,0,0,0,0,2.446502921,FALSE,G1,0.933706816,0.066293184,0,0
TCAAGTGCAGACACAG-1_5,m5,22409,5016,nb,0,0,0,0,0,0,3.434085426,FALSE,G2M,0.016949153,0.025922233,0.957128614,0
TCAAGTGGTCCAAAGG-1_5,m5,1521,918,nb,0,0,0,0,0,0,3.605388273,FALSE,G1,0.694019471,0.302503477,0.003477051,0
TCAATCTCAAAGCAAT-1_5,m5,18776,4133,nb,0,0,0,0,0,0,2.909453146,FALSE,G1,0.967117988,0.032882012,0,0
TCAATTCAGAGTTGAT-1_5,m5,13829,3184,nb,0,0,0,0,0,0,2.156640182,FALSE,G1,0.83042394,0.16957606,0,0
TCAATTCTCTTACGGA-1_5,m5,7768,3329,nb,0,0,0,0,0,0,5.002010454,FALSE,G1,0.684499314,0.315500686,0,0
TCACAAGAGCGCCTCA-1_5,m5,17718,2990,nb,0,0,0,0,0,0,4.730773191,FALSE,G2M,0.0039801,0.000995025,0.995024876,0
TCACTCGCAACGGCTC-1_5,m5,1521,961,nb,0,0,0,0,0,0,3.125,FALSE,G1,0.650627615,0.327754533,0.021617852,0
TCAGCAAGTCGTAATC-1_5,m5,1420,912,nb,0,0,0,0,0,0,4.00921659,FALSE,G1,0.757075472,0.176886792,0.066037736,0
TCAGCAATCTAGGCAT-1_5,m5,513,377,nb,0,0,0,0,0,0,3.328050713,FALSE,S,0.4875,0.09375,0.41875,0
TCAGCCTAGGCTTAAA-1_5,m5,2922,374,nb,0,0,0,0,0,0,2.923026957,FALSE,G1,0.576564581,0.370173103,0.053262317,0
TCAGCCTCATGACACT-1_5,m5,17449,4347,nb,0,0,0,0,0,0,3.331067301,FALSE,G1,0.980353635,0.018664047,0.000982318,0
TCAGGGCCATAGACTC-1_5,m5,2158,1267,nb,0,0,0,0,0,0,2.135025967,FALSE,G1,0.572960095,0.425848719,0.001191185,0
TCAGTCCGTGCCGTTG-1_5,m5,4198,1932,nb,0,0,0,0,0,0,4.051602499,FALSE,G2M,0.003866976,0.252900232,0.743232792,0
TCAGTTTGTACCTGTA-1_5,m5,2109,1313,nb,0,0,0,0,0,0,3.488773748,FALSE,G1,0.890876565,0.064400716,0.044722719,0
TCATATCCAGCCTACG-1_5,m5,33323,5227,nb,0,0,0,0,0,0,2.913134321,FALSE,S,0.52371134,0.045360825,0.430927835,0
TCATATCCATGCAGCC-1_5,m5,17437,4250,nb,0,0,0,0,0,0,2.16734435,FALSE,G1,0.908265213,0.091734787,0,0
TCATCCGGTCCACACG-1_5,m5,563,419,nb,0,0,0,0,0,0,2.972651605,FALSE,G1,0.794117647,0.166955017,0.038927336,0
TCATGAGAGCCTAACT-1_5,m5,10251,3594,nb,0,0,0,0,0,0,3.201692525,FALSE,G1,0.917431193,0.082568807,0,0
TCATGAGCATAATCCG-1_5,m5,8633,3405,TCCAGTACTAGCTACTACCG,0,0,0,0,TCCAGTACTAGCTACTACCG_JCW26_M4,0.000251266,2.003466205,TRUE,G1,0.896860987,0.103139013,0,0
TCATGGAAGATGTTAG-1_5,m5,21805,4685,nb,0,0,0,0,0,0,3.699280616,FALSE,G2M,0.115789474,0.135526316,0.748684211,0
TCATGTTCAACGCATT-1_5,m5,10830,3575,nb,0,0,0,0,0,0,3.085426057,FALSE,G2M,0.160821215,0.002566296,0.836612489,0
TCATTACGTTACGGAG-1_5,m5,556,334,nb,0,0,0,0,0,0,4.383116883,FALSE,G2M,0.471247199,0.013442868,0.515309933,0
TCATTCACAAATGAGT-1_5,m5,7610,2821,nb,0,0,0,0,0,0,2.185322206,FALSE,S,0.150239234,0.776076555,0.073684211,0
TCCACCACACCCTATC-1_5,m5,23841,4857,nb,0,0,0,0,0,0,2.16581478,FALSE,G1,0.901027077,0.097105509,0.001867414,0
TCCACCAGTCATGCAT-1_5,m5,3457,1756,nb,0,0,0,0,0,0,2.494137711,FALSE,G1,0.800498753,0.167913549,0.031587697,0
TCCACCAGTGGTTTAC-1_5,m5,20397,4593,nb,0,0,0,0,0,0,2.726447513,FALSE,G1,0.815485997,0.184514003,0,0
TCCACGTCACTTTATC-1_5,m5,3511,1621,nb,0,0,0,0,0,0,2.676295667,FALSE,G1,0.760784314,0.062745098,0.176470588,0
TCCACGTTCGCTGACG-1_5,m5,15738,3769,nb,0,0,0,0,0,0,4.127455192,FALSE,G1,0.944075829,0.055924171,0,0
TCCAGAAAGCAAGTCG-1_5,m5,6611,2603,nb,0,0,0,0,0,0,6.82464455,FALSE,G1,0.909090909,0.090909091,0,0
TCCATCGAGCACCCAC-1_5,m5,20551,4777,nb,0,0,0,0,0,0,3.539448406,FALSE,G1,0.606284658,0.393715342,0,0
TCCATCGCACGCTGTG-1_5,m5,4118,1906,nb,0,0,0,0,0,0,3.499450348,FALSE,G2M,0.178343949,0.400694847,0.420961204,0
TCCATGCGTTGCAACT-1_5,m5,35930,5469,nb,0,0,0,0,0,0,4.012040826,FALSE,G2M,0,0.015779093,0.984220907,0
TCCTAATCAAATGGAT-1_5,m5,1868,1188,nb,0,0,0,0,0,0,7.51847023,FALSE,G1,0.534759358,0.465240642,0,0
TCCTCCCGTCATAGTC-1_5,m5,14650,4107,nb,0,0,0,0,0,0,3.444713914,FALSE,G1,0.841042893,0.158957107,0,0
TCCTGCAAGGACCCAA-1_5,m5,2342,1190,nb,0,0,0,0,0,0,6.664691943,FALSE,G1,0.784126984,0.214285714,0.001587302,0
TCCTGCACATCGTGCG-1_5,m5,11062,3714,nb,0,0,0,0,0,0,3.332054584,FALSE,G1,0.836120401,0.163879599,0,0
TCCTGCAGTAGGTGCA-1_5,m5,25025,4550,nb,0,0,0,0,0,0,2.921904082,FALSE,G1,0.537865749,0.004302926,0.457831325,0
TCCTGCATCGTCGACG-1_5,m5,13068,2709,nb,0,0,0,0,0,0,5.088424951,FALSE,G2M,0.187751004,0.021084337,0.791164659,0
TCCTTCTAGGATGAGA-1_5,m5,17598,3446,nb,0,0,0,0,0,0,2.399084386,FALSE,G2M,0.019134775,0.207986689,0.772878536,0
TCGAACATCGTCTAAG-1_5,m5,383,316,nb,0,0,0,0,0,0,4.817518248,FALSE,G1,0.898285714,0.005714286,0.096,0
TCGACCTAGTACTGGG-1_5,m5,12317,4168,nb,0,0,0,0,0,0,2.71813135,FALSE,G2M,0.003164557,0.272943038,0.723892405,0
TCGACGGTCCTGTTAT-1_5,m5,4153,2296,nb,0,0,0,0,0,0,4.975199158,FALSE,G1,0.642030848,0.357969152,0,0
TCGCACTCACTCGATA-1_5,m5,15640,4147,nb,0,0,0,0,0,0,2.677462023,FALSE,G1,0.924214418,0.075785582,0,0
TCGCTCACAGGCCTGT-1_5,m5,22580,4907,nb,0,0,0,0,0,0,3.338111817,FALSE,G1,0.901121305,0.097859327,0.001019368,0
TCGCTTGCAGTGACCC-1_5,m5,3775,1950,nb,0,0,0,0,0,0,3.156146179,FALSE,G1,0.747357294,0.087737844,0.164904863,0
TCGCTTGTCGCCAGTG-1_5,m5,8821,1669,nb,0,0,0,0,0,0,2.479767587,FALSE,G1,0.616746086,0.15724983,0.226004084,0
TCGGATAAGACTTCCA-1_5,m5,6254,2791,nb,0,0,0,0,0,0,3.600116133,FALSE,G1,0.968054211,0.031945789,0,0
TCGGATATCTAAGGAA-1_5,m5,2607,878,nb,0,0,0,0,0,0,3.304284677,FALSE,G2M,0.439676617,0,0.560323383,0
TCGGGCAAGGCTAACG-1_5,m5,22412,4982,nb,0,0,0,0,0,0,3.770912632,FALSE,S,0.513333333,0.076666667,0.41,0
TCGGGCAGTGACATCT-1_5,m5,5188,2666,nb,0,0,0,0,0,0,2.390677559,FALSE,G1,0.686341798,0.313658202,0,0
TCGGGCATCTAAGGAA-1_5,m5,7788,2604,nb,0,0,0,0,0,0,2.862254025,FALSE,G2M,0.090466926,0.011673152,0.897859922,0
TCGTCCAAGCGGTAAC-1_5,m5,3984,1956,nb,0,0,0,0,0,0,3.618134263,FALSE,G1,0.980392157,0.019607843,0,0
TCTACATAGGTGCCTC-1_5,m5,4546,2411,nb,0,0,0,0,0,0,3.56545961,FALSE,G1,0.519063181,0.480936819,0,0
TCTATACCATCAGCGC-1_5,m5,3972,1749,nb,0,0,0,0,0,0,2.161383285,FALSE,G1,0.411504425,0.208596713,0.379898862,0
TCTATCAAGATCGGTG-1_5,m5,15522,4108,nb,0,0,0,0,0,0,3.480999879,FALSE,G1,0.89206066,0.10793934,0,0
TCTCACGCAACTTGCA-1_5,m5,17405,4129,nb,0,0,0,0,0,0,4.6389514,FALSE,G1,0.746518106,0.073351903,0.180129991,0
TCTCACGCATTGGATC-1_5,m5,7996,3246,nb,0,0,0,0,0,0,8.478387607,FALSE,S,0.221061793,0.475195822,0.303742385,0
TCTCTGGGTTTGGCTA-1_5,m5,440,355,nb,0,0,0,0,0,0,2.49343832,FALSE,G1,0.768650461,0.12992456,0.101424979,0
TCTCTGGTCCGGTAAT-1_5,m5,339,256,nb,0,0,0,0,0,0,3.95869191,FALSE,G1,0.650678733,0.018099548,0.331221719,0
TCTGGCTTCGCAGATT-1_5,m5,4557,1939,nb,0,0,0,0,0,0,2.960046661,FALSE,G1,0.918994413,0.026070764,0.054934823,0
TCTTGCGTCTGGGATT-1_5,m5,340,247,nb,0,0,0,0,0,0,2.840909091,FALSE,G1,0.655025554,0.007666099,0.337308348,0
TCTTTGAAGGACTATA-1_5,m5,1521,942,nb,0,0,0,0,0,0,5.045216564,FALSE,G1,0.646412411,0.353587589,0,0
TCTTTGACATCTCAAG-1_5,m5,6517,2490,nb,0,0,0,0,0,0,4.599319488,FALSE,G2M,0.021589794,0.000981354,0.977428852,0
TGAACGTGTTTACGAC-1_5,m5,19214,4476,nb,0,0,0,0,0,0,2.457473163,FALSE,G1,0.847457627,0.152542373,0,0
TGAATCGGTGCGTCGT-1_5,m5,4642,2386,nb,0,0,0,0,0,0,3.386211104,FALSE,S,0.164383562,0.529965753,0.305650685,0
TGACAGTAGGTCTGGA-1_5,m5,5098,2454,nb,0,0,0,0,0,0,5.608204596,FALSE,G1,0.806346623,0.193653377,0,0
TGACGCGCACTAACGT-1_5,m5,33430,5543,nb,0,0,0,0,0,0,4.103536714,FALSE,G1,0.990566038,0.006289308,0.003144654,0
TGACGCGTCTCCCAAC-1_5,m5,23161,5277,nb,0,0,0,0,0,0,2.923284894,FALSE,G2M,0.037860082,0.386831276,0.575308642,0
TGACTCCCATGTGGCC-1_5,m5,21355,4781,nb,0,0,0,0,0,0,2.744524658,FALSE,S,0.481944444,0.3375,0.180555556,0
TGAGACTAGCCGGATA-1_5,m5,14582,3952,nb,0,0,0,0,0,0,3.131355932,FALSE,G1,0.593058049,0.406941951,0,0
TGAGGAGGTTGCATTG-1_5,m5,4860,2500,nb,0,0,0,0,0,0,2.929904809,FALSE,G1,0.757251908,0.242748092,0,0
TGAGGGAGTCTTGTCC-1_5,m5,25563,4572,nb,0,0,0,0,0,0,2.009823294,FALSE,G1,0.702857143,0.297142857,0,0
TGATCTTAGAAATTCG-1_5,m5,4828,2456,nb,0,0,0,0,0,0,3.454629203,FALSE,G1,0.658327847,0.341672153,0,0
TGATGCAAGGAATGTT-1_5,m5,20394,4619,nb,0,0,0,0,0,0,3.017376576,FALSE,G1,0.653594771,0.346405229,0,0
TGATGCACAGGGTCTC-1_5,m5,528,353,nb,0,0,0,0,0,0,5.314009662,FALSE,G2M,0.16466235,0.052728955,0.782608696,0
TGATTTCGTCTGCATA-1_5,m5,10809,3360,nb,0,0,0,0,0,0,2.768802505,FALSE,G1,0.848896435,0.151103565,0,0
TGCACGGGTTTCCATT-1_5,m5,5060,2487,nb,0,0,0,0,0,0,2.534925642,FALSE,G1,0.714592275,0.285407725,0,0
TGCAGGCAGCGACATG-1_5,m5,1160,752,nb,0,0,0,0,0,0,5.076679006,FALSE,G1,0.595539482,0.403857746,0.000602773,0
TGCAGGCAGTGGCGAT-1_5,m5,14063,4215,nb,0,0,0,0,0,0,3.43818241,FALSE,G1,0.824029126,0.148058252,0.027912621,0
TGCAGTACAATGCAAA-1_5,m5,27354,5076,nb,0,0,0,0,0,0,3.106004258,FALSE,G2M,0.279452055,0.00456621,0.715981735,0
TGCCGAGCAATAGAGT-1_5,m5,5003,2178,nb,0,0,0,0,0,0,7.368262117,FALSE,G1,0.954720617,0.03371869,0.011560694,0
TGCCGAGTCCCTTGGT-1_5,m5,5268,2282,nb,0,0,0,0,0,0,2.259887006,FALSE,G1,0.726548673,0.030088496,0.243362832,0
TGCCGAGTCCGACATA-1_5,m5,545,383,nb,0,0,0,0,0,0,2.494061758,FALSE,G1,0.739761092,0.001706485,0.258532423,0
TGCGACGCAAGTCATC-1_5,m5,16701,3993,nb,0,0,0,0,0,0,2.220656929,FALSE,G1,0.626174076,0.373825924,0,0
TGCGGCAAGGGATCGT-1_5,m5,24408,5267,nb,0,0,0,0,0,0,3.75382148,FALSE,G2M,0.000986193,0.015779093,0.983234714,0
TGCGGGTTCGCTGACG-1_5,m5,1785,376,nb,0,0,0,0,0,0,2.554744526,FALSE,G2M,0.070524412,0.04159132,0.887884268,0
TGCTTCGTCTCTCGCA-1_5,m5,14560,3919,nb,0,0,0,0,0,0,2.862225097,FALSE,G1,0.542234332,0.457765668,0,0
TGGAACTAGGAGATAG-1_5,m5,26372,5128,TCCAGTATCGTTACGACTACTACCG,0.049300699,2898.881119,0.039018491,503.9628286,TCCAGTATCGTTACGACTACTACCG_JCW26_M4,0.000264665,2.209917679,TRUE,G2M,0.181716834,0.010033445,0.808249721,0.558210498
TGGATGTCACTTTATC-1_5,m5,15166,3930,nb,0,0,0,0,0,0,2.369764239,FALSE,G1,0.631746032,0.368253968,0,0
TGGCGTGGTTTATGCG-1_5,m5,2211,1212,nb,0,0,0,0,0,0,9.74025974,FALSE,G2M,0.263040238,0.006706408,0.730253353,0
TGGGCGTCATCCGCGA-1_5,m5,16371,3788,nb,0,0,0,0,0,0,3.439611139,FALSE,G1,0.790640394,0.209359606,0,0
TGGGCGTTCACCTCAC-1_5,m5,3829,2013,nb,0,0,0,0,0,0,4.896421846,FALSE,G1,0.642995481,0.357004519,0,0
TGGGTTAAGGGCAATC-1_5,m5,6401,2919,nb,0,0,0,0,0,0,4.53539823,FALSE,G1,0.600961538,0.399038462,0,0
TGGTACACAGAAACCG-1_5,m5,11779,3405,nb,0,0,0,0,0,0,3.885162329,FALSE,G1,0.653517423,0.346482577,0,0
TGGTACAGTGTGAATA-1_5,m5,17450,4625,nb,0,0,0,0,0,0,4.950708012,FALSE,G2M,0.109848485,0.003787879,0.886363636,0
TGGTAGTAGTGGAATT-1_5,m5,18440,4342,nb,0,0,0,0,0,0,2.829599834,FALSE,G1,0.993048659,0.006951341,0,0
TGGTAGTCAAGAAATC-1_5,m5,1147,731,TCCAGTCGTTACGACGTGGCTACTACCG,0,0,0,0,TCCAGTCGTTACGACGTGGCTACTACCG_JCW26_M4,0,2.060035315,TRUE,G1,0.914835165,0.081501832,0.003663004,0
TGGTAGTTCGTGCTCT-1_5,m5,356,298,nb,0,0,0,0,0,0,2.123552124,FALSE,G1,0.502439024,0.439837398,0.057723577,0
TGGTGATAGGAGAGTA-1_5,m5,15840,2847,nb,0,0,0,0,0,0,2.928589843,FALSE,G2M,0.214442013,0.018599562,0.766958425,0
TGGTTAGCAGGGAATC-1_5,m5,17435,4764,nb,0,0,0,0,0,0,2.814690421,FALSE,G1,0.540832883,0.459167117,0,0
TGGTTAGGTGCAATAA-1_5,m5,10469,3657,nb,0,0,0,0,0,0,4.040654437,FALSE,G2M,0.026290166,0,0.973709834,0
TGTAACGAGTTGAAGT-1_5,m5,18786,4534,nb,0,0,0,0,0,0,3.478023664,FALSE,G1,0.991053678,0.008946322,0,0
TGTAACGTCATCGCTC-1_5,m5,1604,910,TCCAGTCGTTACGACGTGGCTACTACCG,0,0,0,0,TCCAGTCGTTACGACGTGGCTACTACCG_JCW26_M4,0,2.232459249,TRUE,G1,0.879356568,0.117068811,0.00357462,0
TGTAAGCTCTTCTCAA-1_5,m5,2603,1503,nb,0,0,0,0,0,0,3.848541279,FALSE,G1,0.860568384,0.122557726,0.01687389,0
TGTACAGTCACCTGTC-1_5,m5,6241,2455,nb,0,0,0,0,0,0,3.530849114,FALSE,G2M,0.087006961,0.017401392,0.895591647,0
TGTAGACTCTTACCAT-1_5,m5,14150,3990,nb,0,0,0,0,0,0,3.741798942,FALSE,G1,0.611719253,0.388280747,0,0
TGTCAGAAGCCGCACT-1_5,m5,18113,4736,nb,0,0,0,0,0,0,2.620008649,FALSE,G1,0.566083283,0.433916717,0,0
TGTCAGAAGGCACCAA-1_5,m5,2174,1179,nb,0,0,0,0,0,0,2.722105893,FALSE,G1,0.64683153,0.145285935,0.207882535,0
TGTCCACGTGATTCTG-1_5,m5,15210,4349,nb,0,0,0,0,0,0,3.257396572,FALSE,G1,0.825082508,0.174917492,0,0
TGTCCCACAATGGGTG-1_5,m5,12627,2845,nb,0,0,0,0,0,0,2.366062794,FALSE,G2M,0.200511945,0.011945392,0.787542662,0
TGTCCCATCGTTGTAG-1_5,m5,11966,3667,nb,0,0,0,0,0,0,2.479021817,FALSE,G1,0.902409639,0.08313253,0.014457831,0
TGTGAGTTCCGTAGGC-1_5,m5,7166,2491,nb,0,0,0,0,0,0,2.54932604,FALSE,G1,0.934761441,0.041869523,0.023369036,0
TGTGATGAGTTTCGAC-1_5,m5,10971,3456,nb,0,0,0,0,0,0,2.524715637,FALSE,G1,0.6237534,0.375339982,0.000906618,0
TGTGCGGGTATCAGCT-1_5,m5,579,428,nb,0,0,0,0,0,0,6.544502618,FALSE,S,0.047024247,0.712711242,0.240264511,0
TGTGTGATCACCACAA-1_5,m5,572,416,nb,0,0,0,0,0,0,2.066590126,FALSE,G1,0.696531792,0.143545279,0.159922929,0
TGTTACTGTTCCTTGC-1_5,m5,2101,1283,nb,0,0,0,0,0,0,3.267093297,FALSE,G1,0.472016895,0.398627244,0.129355861,0
TGTTCATTCATGCTAG-1_5,m5,1580,962,TCCAGTACCCGTAACGCTACTACCG,0,0,0.008342023,107.7455683,TCCAGTACCCGTAACGCTACTACCG_JCW26_M4,2.52E-07,2.588726514,TRUE,G1,0.695845697,0.284866469,0.019287834,0
TGTTCATTCGCCCAGA-1_5,m5,1435,912,nb,0,0,0,0,0,0,5.292620865,FALSE,G1,0.691595991,0.289128759,0.019275251,0
TGTTCCGAGTGATCGG-1_5,m5,16703,4266,nb,0,0,0,0,0,0,3.116641902,FALSE,G1,0.836488812,0.163511188,0,0
TGTTCCGGTAATACCC-1_5,m5,2258,1338,nb,0,0,0,0,0,0,3.696098563,FALSE,G1,0.744648318,0.025229358,0.230122324,0
TGTTCTATCAGGGTAG-1_5,m5,22501,4358,nb,0,0,0,0,0,0,2.371624249,FALSE,G2M,0.028953229,0.013363029,0.957683742,0
TGTTGGAGTACGACTT-1_5,m5,1154,712,nb,0,0,0,0,0,0,2.41745283,FALSE,G1,0.669588081,0.28659071,0.043821209,0
TGTTTGTGTATGCTAC-1_5,m5,3012,1530,nb,0,0,0,0,0,0,4.362685967,FALSE,G1,0.783373301,0.191047162,0.025579536,0
TTACAGGGTGAGCGAT-1_5,m5,4523,1988,nb,0,0,0,0,0,0,2.01725282,FALSE,G1,0.727433628,0.007079646,0.265486726,0
TTACGTTCACCATATG-1_5,m5,27910,5042,nb,0,0,0,0,0,0,2.17309678,FALSE,S,0.504761905,0.025396825,0.46984127,0
TTACGTTTCGAGCTGC-1_5,m5,16871,3959,nb,0,0,0,0,0,0,2.645732817,FALSE,G1,0.982828283,0.008080808,0.009090909,0
TTACTGTGTGTCACAT-1_5,m5,1425,899,TCCAGTCGTTACGACGTGGCTACTACCG,0,0,0,0,TCCAGTCGTTACGACGTGGCTACTACCG_JCW26_M4,0,3.476190476,TRUE,G1,0.909836066,0.090163934,0,0
TTACTGTGTGTCTTCC-1_5,m5,1376,878,nb,0,0,0,0,0,0,4.418604651,FALSE,G1,0.505646817,0.494353183,0,0
TTAGGCAAGACGCCAA-1_5,m5,9952,3419,nb,0,0,0,0,0,0,2.57996659,FALSE,G1,0.640463918,0.349226804,0.010309278,0
TTAGGCAAGAGTCTGG-1_5,m5,8066,3095,nb,0,0,0,0,0,0,2.788259958,FALSE,G1,0.905797101,0.094202899,0,0
TTAGGCATCGGAACTT-1_5,m5,5917,2763,TCCACTACTATCGCTACTACCG,0.072377622,4255.804196,0.341936763,4416.455226,TCCACTACTATCGCTACTACCG_JCW26_M4,0.000841069,2.927168089,TRUE,G1,0.692520776,0.307479224,0,0.174692515
TTAGTCTAGCTTCTAG-1_5,m5,7560,3052,nb,0,0,0,0,0,0,2.328231846,FALSE,G1,0.828500414,0.171499586,0,0
TTAGTCTAGTTCACTG-1_5,m5,1693,1053,nb,0,0,0,0,0,0,2.293259208,FALSE,G1,0.403351287,0.540394973,0.05625374,0
TTAGTCTCAGAGACTG-1_5,m5,12016,3383,nb,0,0,0,0,0,0,2.243400024,FALSE,G2M,0.353256021,0.009812667,0.636931311,0
TTCAATCGTAGTGATA-1_5,m5,336,261,nb,0,0,0,0,0,0,4.705882353,FALSE,G2M,0.366062917,0.026692088,0.607244995,0
TTCACCGTCACTGATG-1_5,m5,12029,4293,nb,0,0,0,0,0,0,3.059273423,FALSE,G2M,0.023589744,0.002051282,0.974358974,0
TTCATGTCAAATTGCC-1_5,m5,576,330,nb,0,0,0,0,0,0,4.576976422,FALSE,G1,0.495867769,0.02020202,0.483930211,0
TTCCGGTAGGATCACG-1_5,m5,22426,5134,nb,0,0,0,0,0,0,4.126935459,FALSE,G1,0.575216138,0.424783862,0,0
TTCCTCTCAAATGATG-1_5,m5,9626,3126,nb,0,0,0,0,0,0,3.045292936,FALSE,G1,0.760340633,0.214111922,0.025547445,0
TTCCTCTGTATAGCTC-1_5,m5,20183,4395,nb,0,0,0,0,0,0,2.522245038,FALSE,G1,0.546103183,0.453896817,0,0
TTCGATTCAATAGTGA-1_5,m5,3517,1614,nb,0,0,0,0,0,0,2.143429487,FALSE,G1,0.7830033,0.062706271,0.154290429,0
TTCGCTGAGACCCGCT-1_5,m5,24096,4834,nb,0,0,0,0,0,0,2.103908384,FALSE,G1,0.816542948,0.129374337,0.054082715,0
TTCTAGTAGAAGGTAG-1_5,m5,6112,2639,nb,0,0,0,0,0,0,2.523569184,FALSE,G1,0.957854406,0.042145594,0,0
TTCTAGTGTTGCATCA-1_5,m5,3949,1747,nb,0,0,0,0,0,0,2.765372724,FALSE,G1,0.891284816,0.02066487,0.088050314,0
TTCTGTAGTACCCGAC-1_5,m5,14319,4131,nb,0,0,0,0,0,0,2.18100199,FALSE,G1,0.922509225,0.077490775,0,0
TTCTTGACATGGCTGC-1_5,m5,4307,1812,nb,0,0,0,0,0,0,2.946385445,FALSE,G1,0.70601173,0.200879765,0.093108504,0
TTCTTGAGTGTACATC-1_5,m5,18295,4283,nb,0,0,0,0,0,0,3.594710374,FALSE,G2M,0.15158371,0.021493213,0.826923077,0
TTGCCTGCAACCGCCA-1_5,m5,346,291,nb,0,0,0,0,0,0,2.296819788,FALSE,G1,0.946733668,0.020100503,0.033165829,0
TTGCCTGTCGCTCCTA-1_5,m5,2169,1229,nb,0,0,0,0,0,0,2.840716943,FALSE,G1,0.884649512,0.108251996,0.007098492,0
TTGCCTGTCTGGGCGT-1_5,m5,12276,2483,nb,0,0,0,0,0,0,2.110261145,FALSE,S,0.12322695,0.710106383,0.166666667,0
TTGCGTCTCACTCCGT-1_5,m5,1755,1033,nb,0,0,0,0,0,0,6.987863185,FALSE,G1,0.929657795,0.065589354,0.004752852,0
TTGGATGCATGAGAAT-1_5,m5,21750,5008,nb,0,0,0,0,0,0,3.599064243,FALSE,G2M,0.367969495,0.001906578,0.630123928,0
TTGGGATGTGATTGGG-1_5,m5,1756,1078,nb,0,0,0,0,0,0,4.318448884,FALSE,G1,0.930232558,0.062325581,0.00744186,0
TTGGGCGGTGGCAGAT-1_5,m5,16264,3944,TCCAGTATCGTTACGACGTAGCTACTACCG,0.245454545,14432.72727,0.034037407,439.6271483,TCCAGTATCGTTACGACGTAGCTACTACCG_JCW26_M4,0.00101152,3.312739264,TRUE,G1,0.706970128,0.293029872,0,0.878216862
TTGGTTTAGGTTACCT-1_5,m5,1778,1100,nb,0,0,0,0,0,0,3.047091413,FALSE,G1,0.866972477,0.091743119,0.041284404,0
TTGGTTTCAATTTCTC-1_5,m5,570,323,nb,0,0,0,0,0,0,3.513909224,FALSE,G2M,0.001848429,0.076709797,0.921441774,0
TTGTGGATCGCCACTT-1_5,m5,3248,1895,nb,0,0,0,0,0,0,3.597266881,FALSE,G1,0.542299349,0.457700651,0,0
TTGTTCAAGTACAGAT-1_5,m5,19661,4541,nb,0,0,0,0,0,0,2.802210378,FALSE,G1,0.893617021,0.105457909,0.000925069,0
TTGTTGTAGGGTGGGA-1_5,m5,11982,3566,nb,0,0,0,0,0,0,2.800255014,FALSE,G1,0.92936803,0.07063197,0,0
TTGTTTGCATGACGAG-1_5,m5,21257,4662,nb,0,0,0,0,0,0,2.930196729,FALSE,G2M,0.022637795,0.035433071,0.941929134,0
TTTACCAAGGGCCTCT-1_5,m5,1754,918,nb,0,0,0,0,0,0,5.661375661,FALSE,G1,0.70521542,0.126228269,0.168556311,0
TTTACGTTCTGCGGGT-1_5,m5,11360,3757,nb,0,0,0,0,0,0,2.288810261,FALSE,G1,0.658327847,0.341672153,0,0
TTTACTGCAAATGCTC-1_5,m5,23539,4782,nb,0,0,0,0,0,0,3.154299907,FALSE,G2M,0.007391763,0.02217529,0.970432946,0
TTTAGTCAGCACCTGC-1_5,m5,16771,2778,nb,0,0,0,0,0,0,2.126584836,FALSE,G1,0.78125,0.167067308,0.051682692,0
TTTAGTCTCGGAGCAA-1_5,m5,11693,3581,nb,0,0,0,0,0,0,3.30277386,FALSE,G1,0.543277082,0.456722918,0,0
TTTCACAAGGGCAAGG-1_5,m5,11176,2365,nb,0,0,0,0,0,0,3.507767784,FALSE,G1,0.707755102,0.288163265,0.004081633,0
TTTCATGAGACAGCGT-1_5,m5,958,623,nb,0,0,0,0,0,0,4.190260476,FALSE,G1,0.594510293,0.402370555,0.003119152,0
TTTCATGTCCGCTGTT-1_5,m5,705,480,nb,0,0,0,0,0,0,3.817504655,FALSE,G2M,0.28742515,0.010978044,0.701596806,0
TTTCCTCGTCTTGAAC-1_5,m5,15979,4074,nb,0,0,0,0,0,0,3.135319942,FALSE,G1,0.884337349,0.001204819,0.114457831,0
TTTGATCCATTAGGAA-1_5,m5,25229,5171,nb,0,0,0,0,0,0,3.07381821,FALSE,G2M,0.152820513,0.003076923,0.844102564,0
TTTGGTTGTATCGCAT-1_5,m5,1802,1056,nb,0,0,0,0,0,0,4.620777565,FALSE,G1,0.498224252,0.501775748,0,0